# Program:featureCounts v2.0.0; Command:"featureCounts" "-a" "/home/zainabkamel/Desktop/PROJECT/SAMPLE_DATA/Homo_sapiens.GRCh38.99.chromosome.15.gtf" "-g" "gene_id" "-o" "counts.txt" "hs_T47D_shCTRL_RNAseq_rep1.bam" "hs_T47D_shCTRL_RNAseq_rep2.bam" "hs_T47D_shNR2F2_RNAseq_rep1.bam" "hs_T47D_shNR2F2_RNAseq_rep2.bam" 
Geneid	hs_T47D_shCTRL_RNAseq_rep1.bam	hs_T47D_shCTRL_RNAseq_rep2.bam	hs_T47D_shNR2F2_RNAseq_rep1.bam	hs_T47D_shNR2F2_RNAseq_rep2.bam
ENSG00000215567	7	2	5	2
ENSG00000201241	1	1	1	0
ENSG00000258463	0	1	2	0
ENSG00000274347	0	0	0	0
ENSG00000188403	0	0	0	0
ENSG00000258706	0	0	0	0
ENSG00000259337	0	0	0	0
ENSG00000259490	0	0	2	0
ENSG00000270961	0	0	0	0
ENSG00000271317	0	0	0	0
ENSG00000282520	0	0	0	0
ENSG00000282599	0	0	0	0
ENSG00000271336	0	0	0	0
ENSG00000277988	0	0	0	0
ENSG00000259769	0	0	0	0
ENSG00000258397	14	17	28	3
ENSG00000239471	0	0	0	0
ENSG00000258410	0	0	0	0
ENSG00000278935	0	0	1	0
ENSG00000258780	77	93	105	29
ENSG00000258628	131	149	217	57
ENSG00000259156	156	142	140	40
ENSG00000287122	2	1	7	0
ENSG00000258654	5	7	4	0
ENSG00000180229	120	109	110	31
ENSG00000258488	0	0	2	0
ENSG00000277322	1	1	7	0
ENSG00000258797	0	0	0	0
ENSG00000181984	0	1	0	1
ENSG00000278497	0	0	0	0
ENSG00000258916	0	0	0	0
ENSG00000258707	3	2	8	1
ENSG00000270685	0	0	0	0
ENSG00000278626	1	1	0	0
ENSG00000258590	11	9	7	0
ENSG00000279628	0	0	0	0
ENSG00000260409	1	6	4	1
ENSG00000238478	0	0	0	0
ENSG00000259383	0	0	0	0
ENSG00000259443	0	0	0	0
ENSG00000258420	0	0	0	0
ENSG00000274499	22	21	54	11
ENSG00000259089	2	0	0	0
ENSG00000259214	0	0	0	0
ENSG00000265322	0	0	0	0
ENSG00000230031	0	0	0	0
ENSG00000238489	0	0	0	0
ENSG00000261048	0	0	0	0
ENSG00000261554	0	0	0	0
ENSG00000258799	0	0	0	0
ENSG00000270831	11	11	10	3
ENSG00000266545	0	0	0	0
ENSG00000258710	1	1	0	0
ENSG00000258855	0	0	0	0
ENSG00000258494	0	0	0	0
ENSG00000270824	0	0	0	0
ENSG00000270451	0	0	0	0
ENSG00000282089	0	0	0	0
ENSG00000282268	0	0	0	0
ENSG00000270185	0	0	0	0
ENSG00000259698	0	0	0	0
ENSG00000259025	0	0	0	0
ENSG00000258771	20	20	15	5
ENSG00000243059	0	0	0	0
ENSG00000260986	0	0	0	0
ENSG00000279595	1	1	1	1
ENSG00000258684	74	73	107	24
ENSG00000258883	0	0	0	0
ENSG00000237161	1877	2494	2328	685
ENSG00000247765	6	5	2	2
ENSG00000207289	0	0	0	0
ENSG00000280881	0	0	0	0
ENSG00000280703	0	0	0	0
ENSG00000258415	1	0	0	0
ENSG00000268531	1	5	3	1
ENSG00000258712	7	10	21	9
ENSG00000258767	1	3	1	0
ENSG00000258848	1	0	0	0
ENSG00000277243	0	0	0	0
ENSG00000278522	2	0	1	0
ENSG00000275174	0	0	0	0
ENSG00000281347	0	0	0	0
ENSG00000277841	0	0	0	0
ENSG00000287345	0	0	0	0
ENSG00000284834	0	0	0	0
ENSG00000284788	0	0	0	0
ENSG00000280709	0	0	0	0
ENSG00000284988	0	0	0	0
ENSG00000279639	0	0	0	0
ENSG00000259324	0	0	0	0
ENSG00000285491	0	0	0	0
ENSG00000285116	0	0	0	0
ENSG00000182974	0	0	0	0
ENSG00000279408	0	0	0	0
ENSG00000279445	0	0	0	0
ENSG00000281113	0	0	0	0
ENSG00000281087	54	77	61	17
ENSG00000281179	0	0	0	0
ENSG00000281550	0	0	0	0
ENSG00000278263	0	0	0	0
ENSG00000280655	0	0	0	0
ENSG00000265793	0	0	0	0
ENSG00000233917	0	0	0	0
ENSG00000200790	0	0	0	0
ENSG00000258585	0	1	0	0
ENSG00000258997	2	1	2	1
ENSG00000264902	0	0	0	0
ENSG00000283524	0	0	0	0
ENSG00000285405	0	0	0	0
ENSG00000284500	0	0	0	0
ENSG00000258721	2	0	0	0
ENSG00000285472	0	0	0	0
ENSG00000283680	0	0	0	0
ENSG00000285135	0	0	0	0
ENSG00000284892	0	0	0	0
ENSG00000274102	0	0	0	0
ENSG00000183706	0	0	0	0
ENSG00000259435	0	0	0	0
ENSG00000260739	0	0	0	0
ENSG00000223877	0	0	0	0
ENSG00000270505	0	0	0	0
ENSG00000271288	0	0	0	0
ENSG00000259261	0	0	0	0
ENSG00000270356	0	0	0	0
ENSG00000271507	0	0	0	0
ENSG00000221641	0	0	0	0
ENSG00000259098	25	29	25	6
ENSG00000258732	64	42	45	9
ENSG00000274835	0	0	0	0
ENSG00000273679	39	65	96	34
ENSG00000274279	0	0	0	0
ENSG00000185182	0	0	0	0
ENSG00000274568	0	0	0	0
ENSG00000275363	6	4	1	0
ENSG00000277865	0	1	0	0
ENSG00000281909	0	0	0	0
ENSG00000276550	297	385	397	118
ENSG00000277561	0	0	1	0
ENSG00000277515	0	0	0	0
ENSG00000276141	87	75	78	17
ENSG00000277435	8	16	8	2
ENSG00000283273	4	5	9	3
ENSG00000277867	1	3	8	1
ENSG00000275325	364	429	456	139
ENSG00000277755	0	0	0	0
ENSG00000274253	5	5	2	0
ENSG00000259425	0	0	1	0
ENSG00000170113	1292	1222	1082	347
ENSG00000140157	1267	1616	1957	610
ENSG00000273749	3329	4172	3266	1002
ENSG00000275835	543	584	755	229
ENSG00000276172	34	27	32	12
ENSG00000273976	0	0	0	0
ENSG00000277505	0	0	0	0
ENSG00000175676	0	0	0	0
ENSG00000273981	0	0	0	0
ENSG00000274099	7	18	4	4
ENSG00000278541	0	0	0	0
ENSG00000276941	0	0	0	0
ENSG00000278552	0	1	0	0
ENSG00000259414	0	0	0	0
ENSG00000274471	29	31	37	14
ENSG00000273756	0	0	0	0
ENSG00000260399	0	0	0	0
ENSG00000261739	0	0	0	0
ENSG00000278222	0	0	0	0
ENSG00000286598	0	0	0	0
ENSG00000261418	0	0	0	0
ENSG00000174450	1	7	8	1
ENSG00000265673	0	0	0	0
ENSG00000179455	14	37	30	4
ENSG00000260978	1	3	1	0
ENSG00000254585	0	0	0	0
ENSG00000182636	65	106	123	40
ENSG00000286973	0	0	2	0
ENSG00000206616	0	0	0	0
ENSG00000260232	0	0	4	1
ENSG00000259905	0	1	0	1
ENSG00000260551	0	0	0	0
ENSG00000260780	0	0	0	0
ENSG00000260959	0	0	0	0
ENSG00000287888	0	0	0	0
ENSG00000286110	0	0	0	0
ENSG00000185823	26	25	10	2
ENSG00000128739	60	64	293	84
ENSG00000280118	6	4	5	2
ENSG00000241061	4981	8473	7053	2262
ENSG00000242088	6334	12439	8601	2840
ENSG00000273173	14	15	14	3
ENSG00000214265	0	0	0	0
ENSG00000224078	1428	1563	1389	448
ENSG00000276314	0	0	0	0
ENSG00000279192	0	0	0	0
ENSG00000276610	0	0	0	0
ENSG00000239014	0	0	0	0
ENSG00000257647	0	0	0	0
ENSG00000274640	0	0	0	0
ENSG00000207063	0	0	0	0
ENSG00000207001	0	0	0	0
ENSG00000207014	0	0	0	0
ENSG00000275529	0	0	0	0
ENSG00000207191	0	0	0	0
ENSG00000207442	0	0	0	0
ENSG00000207133	0	0	0	0
ENSG00000207093	0	0	0	0
ENSG00000206727	0	0	0	0
ENSG00000200661	0	0	0	0
ENSG00000206609	0	0	0	0
ENSG00000207197	0	0	0	0
ENSG00000207137	0	0	0	0
ENSG00000206621	0	0	0	0
ENSG00000207174	0	0	0	0
ENSG00000207263	0	0	0	0
ENSG00000206656	0	0	0	0
ENSG00000206688	0	0	0	0
ENSG00000207460	0	0	0	0
ENSG00000261069	0	0	0	0
ENSG00000278715	0	0	0	0
ENSG00000277785	0	0	0	0
ENSG00000275127	0	0	0	0
ENSG00000207375	0	0	0	0
ENSG00000287482	0	0	0	0
ENSG00000279735	0	0	0	0
ENSG00000207279	0	0	0	0
ENSG00000252326	0	0	0	0
ENSG00000251815	0	0	0	0
ENSG00000251896	0	0	0	0
ENSG00000278123	0	0	0	0
ENSG00000207245	0	0	0	0
ENSG00000252277	0	0	0	0
ENSG00000279050	0	0	0	0
ENSG00000212428	0	0	0	0
ENSG00000270814	2	9	5	3
ENSG00000201831	0	0	0	0
ENSG00000199712	0	0	0	0
ENSG00000199970	0	0	0	0
ENSG00000200680	0	0	0	0
ENSG00000200503	0	0	0	0
ENSG00000200812	0	0	0	0
ENSG00000278089	0	0	0	0
ENSG00000200726	0	0	0	0
ENSG00000199782	0	0	0	0
ENSG00000201943	0	0	0	0
ENSG00000200486	0	0	0	0
ENSG00000199453	0	0	0	0
ENSG00000273835	0	0	0	0
ENSG00000199960	0	0	0	0
ENSG00000201679	0	0	0	0
ENSG00000200757	0	0	0	0
ENSG00000201482	0	0	0	0
ENSG00000200163	0	0	0	0
ENSG00000199968	0	0	0	0
ENSG00000201969	0	0	0	0
ENSG00000199833	0	0	0	0
ENSG00000201326	0	0	0	0
ENSG00000201331	0	0	0	0
ENSG00000200398	0	0	0	0
ENSG00000199489	0	0	0	0
ENSG00000275524	0	0	0	0
ENSG00000201300	0	0	0	0
ENSG00000200801	0	0	0	0
ENSG00000199704	0	0	0	0
ENSG00000200987	0	0	0	0
ENSG00000202188	0	0	0	0
ENSG00000200949	0	0	0	0
ENSG00000200593	0	0	0	0
ENSG00000199311	0	0	0	0
ENSG00000201992	0	0	0	0
ENSG00000202499	0	0	0	0
ENSG00000200638	0	0	0	0
ENSG00000201907	0	0	0	0
ENSG00000200564	0	0	0	0
ENSG00000272460	0	0	0	0
ENSG00000200478	0	0	0	0
ENSG00000201143	0	0	0	0
ENSG00000202373	0	0	0	0
ENSG00000202261	0	0	0	0
ENSG00000280234	4	10	4	3
ENSG00000212380	0	0	0	0
ENSG00000276844	0	0	0	0
ENSG00000212528	0	0	0	0
ENSG00000201634	0	0	0	0
ENSG00000239169	0	0	0	0
ENSG00000114062	2126	2242	2808	806
ENSG00000261529	2	0	4	2
ENSG00000235731	0	0	0	0
ENSG00000223628	338	744	580	169
ENSG00000206190	869	334	385	99
ENSG00000222123	0	0	0	0
ENSG00000266517	0	0	0	0
ENSG00000259011	0	0	0	0
ENSG00000206187	1	0	1	0
ENSG00000258965	33	53	55	26
ENSG00000212604	0	0	0	0
ENSG00000258931	0	0	0	0
ENSG00000259150	0	0	0	0
ENSG00000286884	0	0	0	0
ENSG00000235160	0	0	0	0
ENSG00000287280	0	0	0	0
ENSG00000166206	50	94	134	36
ENSG00000278840	1	3	5	3
ENSG00000235518	0	0	0	0
ENSG00000242793	0	0	0	0
ENSG00000186297	0	0	0	0
ENSG00000259122	0	0	0	0
ENSG00000182256	8	12	7	3
ENSG00000228740	0	0	1	0
ENSG00000214254	0	1	0	0
ENSG00000200326	0	0	0	0
ENSG00000258624	0	0	0	0
ENSG00000261426	0	0	0	0
ENSG00000258970	0	0	0	0
ENSG00000259152	0	0	0	0
ENSG00000259168	0	0	0	0
ENSG00000258594	0	0	0	0
ENSG00000287922	28	32	41	10
ENSG00000258853	0	0	0	0
ENSG00000104044	1	1	2	0
ENSG00000232394	0	0	0	0
ENSG00000228992	673	1090	951	265
ENSG00000128731	1262	1316	1476	493
ENSG00000256338	38027	72754	61218	18372
ENSG00000261401	0	0	0	0
ENSG00000261561	0	0	0	0
ENSG00000237850	0	0	0	0
ENSG00000261497	0	0	0	0
ENSG00000153684	0	0	1	0
ENSG00000276891	0	0	0	0
ENSG00000261524	0	0	0	0
ENSG00000276928	0	0	0	0
ENSG00000274532	0	0	0	0
ENSG00000266039	0	0	0	0
ENSG00000284628	0	0	0	0
ENSG00000260159	87	121	149	51
ENSG00000261365	0	0	0	0
ENSG00000263964	0	0	0	0
ENSG00000274814	0	0	0	0
ENSG00000260053	8	4	3	1
ENSG00000183629	1	0	0	0
ENSG00000276955	0	0	0	0
ENSG00000261041	0	0	0	0
ENSG00000227717	0	0	0	0
ENSG00000260444	0	0	0	0
ENSG00000261581	0	0	0	0
ENSG00000206149	137	181	167	42
ENSG00000254398	0	0	0	0
ENSG00000188626	0	0	0	1
ENSG00000274632	0	0	0	0
ENSG00000261480	0	0	0	0
ENSG00000248334	47	46	42	17
ENSG00000260844	12	5	9	5
ENSG00000232431	16	18	22	5
ENSG00000256951	0	0	0	0
ENSG00000261377	289	334	395	94
ENSG00000271616	0	0	2	0
ENSG00000261649	6	5	14	4
ENSG00000270301	0	0	0	0
ENSG00000287894	0	0	0	0
ENSG00000034053	6	6	7	1
ENSG00000259277	0	0	0	1
ENSG00000104059	0	0	0	0
ENSG00000259299	345	348	335	77
ENSG00000252868	0	0	0	0
ENSG00000185115	206	289	533	140
ENSG00000259690	0	0	0	0
ENSG00000259814	0	0	0	0
ENSG00000259300	5	1	2	2
ENSG00000287334	0	0	0	0
ENSG00000256802	8	16	18	4
ENSG00000104067	1123	1320	1492	473
ENSG00000259644	4	3	3	1
ENSG00000234664	2939	3599	3610	1127
ENSG00000259523	20	14	11	2
ENSG00000259749	47	57	55	25
ENSG00000259647	770	1259	1028	291
ENSG00000260174	2332	3446	2775	865
ENSG00000229389	0	0	0	0
ENSG00000179938	0	0	0	0
ENSG00000273818	0	0	0	0
ENSG00000261792	0	0	0	0
ENSG00000178081	0	0	0	0
ENSG00000207432	0	0	0	0
ENSG00000261247	0	0	0	0
ENSG00000277637	0	0	0	0
ENSG00000260897	0	0	0	0
ENSG00000261747	0	0	0	0
ENSG00000259906	0	0	0	0
ENSG00000225930	1	4	4	2
ENSG00000259993	28	29	39	8
ENSG00000206972	0	0	0	0
ENSG00000270955	1	2	1	2
ENSG00000279417	16	22	22	7
ENSG00000238783	0	0	0	0
ENSG00000166664	0	0	1	1
ENSG00000263070	0	0	0	0
ENSG00000238519	0	0	0	0
ENSG00000274966	0	0	0	0
ENSG00000186399	2	2	1	1
ENSG00000274424	0	0	0	0
ENSG00000271333	0	0	0	0
ENSG00000215302	11	8	16	3
ENSG00000270055	56	56	78	21
ENSG00000283345	0	1	0	0
ENSG00000260784	0	0	0	0
ENSG00000260693	0	0	0	0
ENSG00000178115	1	0	0	0
ENSG00000277031	0	0	0	0
ENSG00000259890	0	0	0	0
ENSG00000260128	1	1	0	1
ENSG00000207430	0	0	0	0
ENSG00000261794	2	0	0	0
ENSG00000270016	0	0	0	0
ENSG00000277467	0	0	0	0
ENSG00000269930	0	0	0	0
ENSG00000247728	1	0	0	0
ENSG00000285077	32	22	35	13
ENSG00000284906	1	3	0	0
ENSG00000285035	0	1	1	1
ENSG00000187951	327	187	147	40
ENSG00000206846	3	4	3	1
ENSG00000284783	1	1	3	0
ENSG00000103832	3	0	2	0
ENSG00000278696	0	0	0	0
ENSG00000259845	2	3	1	1
ENSG00000260382	687	884	982	248
ENSG00000198690	702	728	672	199
ENSG00000261628	9	12	14	1
ENSG00000166912	251	257	340	89
ENSG00000212526	1	0	0	0
ENSG00000259720	0	0	0	0
ENSG00000134160	1	0	2	0
ENSG00000207702	0	0	0	0
ENSG00000259448	9	15	18	11
ENSG00000259772	3	2	7	2
ENSG00000169926	632	607	968	303
ENSG00000259179	421	305	306	109
ENSG00000259696	203	272	286	105
ENSG00000169918	5	9	7	2
ENSG00000259358	369	252	263	88
ENSG00000277500	0	0	0	0
ENSG00000175344	7	7	8	1
ENSG00000206849	0	0	0	0
ENSG00000201084	0	0	0	0
ENSG00000279912	8	8	9	6
ENSG00000271078	1	1	0	0
ENSG00000207257	0	0	1	0
ENSG00000260211	60	62	77	21
ENSG00000260642	0	0	0	0
ENSG00000261491	0	0	0	0
ENSG00000249931	0	0	1	0
ENSG00000275776	0	0	0	0
ENSG00000215304	0	0	0	0
ENSG00000261279	0	0	0	0
ENSG00000206987	0	0	0	0
ENSG00000261708	0	0	0	0
ENSG00000206127	1	1	0	1
ENSG00000274076	0	0	0	0
ENSG00000270789	0	0	0	0
ENSG00000261375	0	0	0	0
ENSG00000254912	3	2	6	1
ENSG00000223509	25	25	28	7
ENSG00000261064	2	2	1	0
ENSG00000276724	0	0	0	0
ENSG00000262728	0	0	2	0
ENSG00000232653	13	4	9	2
ENSG00000277464	0	0	0	0
ENSG00000244952	1	2	2	0
ENSG00000198826	1621	1143	807	262
ENSG00000285948	2	0	1	0
ENSG00000166922	12	3	11	2
ENSG00000241818	1	0	1	1
ENSG00000259721	3	0	1	0
ENSG00000166923	18	16	9	4
ENSG00000248905	3224	1885	1559	493
ENSG00000259392	2	3	0	0
ENSG00000212415	0	0	0	0
ENSG00000259686	350	617	553	178
ENSG00000279958	0	0	0	0
ENSG00000215296	0	0	0	0
ENSG00000259446	1	1	1	0
ENSG00000198838	5	22	17	2
ENSG00000200008	0	0	0	0
ENSG00000276702	0	1	0	0
ENSG00000259408	3	7	1	0
ENSG00000259287	1	5	6	0
ENSG00000169857	111	313	273	76
ENSG00000184984	4	5	3	0
ENSG00000278472	0	1	4	0
ENSG00000287840	0	0	0	1
ENSG00000259505	0	0	1	0
ENSG00000134153	1520	1995	2276	703
ENSG00000243094	132	180	175	56
ENSG00000182405	99	237	219	89
ENSG00000134152	535	569	596	203
ENSG00000128463	797	1151	1046	306
ENSG00000140199	183	278	271	76
ENSG00000259468	0	0	0	0
ENSG00000207091	0	0	0	0
ENSG00000182117	1266	2293	2749	881
ENSG00000184507	0	1	0	0
ENSG00000176454	530	437	572	188
ENSG00000259904	475	476	396	130
ENSG00000175265	28	24	35	14
ENSG00000221649	0	0	0	0
ENSG00000260639	0	0	0	0
ENSG00000261081	0	0	0	0
ENSG00000279092	2	1	1	1
ENSG00000259917	3632	4231	3599	1151
ENSG00000261559	101	95	77	29
ENSG00000278582	0	0	0	0
ENSG00000215252	231	425	386	103
ENSG00000221065	0	0	0	0
ENSG00000259892	0	0	0	0
ENSG00000252425	0	0	0	0
ENSG00000261304	3	3	0	0
ENSG00000287973	0	0	0	0
ENSG00000159248	0	0	0	0
ENSG00000250007	10	9	5	4
ENSG00000159251	1032	1124	1007	334
ENSG00000259751	667	607	696	203
ENSG00000021776	1307	1440	1405	395
ENSG00000231409	3556	6751	6026	1807
ENSG00000198146	787	764	1098	313
ENSG00000279364	0	0	0	0
ENSG00000259181	0	0	0	0
ENSG00000280396	3	4	1	0
ENSG00000259587	0	1	1	1
ENSG00000259665	0	0	0	0
ENSG00000255192	0	0	1	0
ENSG00000259397	223	514	605	192
ENSG00000259336	0	0	0	0
ENSG00000259592	420	683	667	208
ENSG00000259516	0	5	7	0
ENSG00000134146	437	637	729	232
ENSG00000259710	44	58	74	19
ENSG00000259585	305	453	497	127
ENSG00000265102	3	0	3	2
ENSG00000259688	7	5	2	1
ENSG00000259411	361	589	567	147
ENSG00000248079	0	2	0	0
ENSG00000259217	0	0	0	0
ENSG00000259245	0	0	1	0
ENSG00000265098	0	0	0	0
ENSG00000259639	0	2	1	1
ENSG00000259395	0	0	0	0
ENSG00000259737	0	1	0	0
ENSG00000270500	0	0	0	0
ENSG00000186073	151	216	285	81
ENSG00000261635	2216	2941	3515	1045
ENSG00000261315	200	171	150	57
ENSG00000260582	7	7	7	3
ENSG00000261191	0	0	0	0
ENSG00000223518	676	628	757	227
ENSG00000212511	0	0	0	0
ENSG00000259280	0	0	0	0
ENSG00000134138	80	117	95	20
ENSG00000277202	0	0	0	0
ENSG00000206676	0	0	0	0
ENSG00000259460	0	0	0	0
ENSG00000274444	1	0	0	0
ENSG00000274216	2	1	4	0
ENSG00000270304	36	62	91	32
ENSG00000259434	0	1	2	2
ENSG00000243122	176	287	283	111
ENSG00000166069	0	0	0	0
ENSG00000259225	1	0	1	0
ENSG00000236914	2	17	8	4
ENSG00000259380	20	23	14	8
ENSG00000166068	155	151	291	85
ENSG00000171262	977	1187	1440	453
ENSG00000259192	28	21	20	2
ENSG00000172575	25	64	110	31
ENSG00000286786	8	17	5	3
ENSG00000259326	5	7	3	2
ENSG00000259598	0	1	0	0
ENSG00000175779	3	3	3	3
ENSG00000259731	0	0	0	0
ENSG00000274281	9	7	10	3
ENSG00000259345	41	21	14	6
ENSG00000259278	8	1	0	1
ENSG00000259423	0	0	0	0
ENSG00000175746	1	0	0	0
ENSG00000259447	0	0	0	0
ENSG00000259269	0	0	1	0
ENSG00000259390	4	1	0	0
ENSG00000137801	8696	10037	11097	3204
ENSG00000276107	28	37	27	8
ENSG00000278621	0	0	0	0
ENSG00000150667	523	270	329	103
ENSG00000259580	0	0	0	0
ENSG00000261136	173	142	286	112
ENSG00000166073	344	417	777	246
ENSG00000259432	0	0	0	1
ENSG00000246863	9	6	3	2
ENSG00000200305	0	0	0	0
ENSG00000128829	1471	1782	1721	535
ENSG00000259389	20	17	17	2
ENSG00000140319	6151	8303	8688	2419
ENSG00000248508	160	135	168	41
ENSG00000259584	2	1	1	1
ENSG00000275636	1	0	0	0
ENSG00000104081	494	439	315	106
ENSG00000259409	0	0	0	0
ENSG00000259239	1	0	0	0
ENSG00000156970	1220	1087	1250	400
ENSG00000137843	124	57	81	27
ENSG00000259288	0	0	0	0
ENSG00000273786	0	4	4	1
ENSG00000260648	1	2	1	3
ENSG00000279537	1	0	2	2
ENSG00000176753	2	2	2	1
ENSG00000279409	2	4	6	2
ENSG00000137841	28	21	20	5
ENSG00000230778	0	3	0	0
ENSG00000273855	0	0	1	0
ENSG00000259307	0	0	0	0
ENSG00000244705	27	48	38	15
ENSG00000259198	2	5	4	1
ENSG00000259330	785	477	457	133
ENSG00000188549	485	290	219	67
ENSG00000252714	0	0	0	0
ENSG00000233041	0	0	0	0
ENSG00000140323	63	110	64	28
ENSG00000259368	0	0	0	0
ENSG00000128944	1456	1227	1094	371
ENSG00000128928	2821	3064	3281	1019
ENSG00000140320	1502	1756	1842	612
ENSG00000259364	6	3	4	0
ENSG00000259211	0	5	1	0
ENSG00000169105	748	794	702	261
ENSG00000244251	3	3	0	1
ENSG00000259536	7	2	2	2
ENSG00000128891	167	218	258	79
ENSG00000223313	4	6	8	2
ENSG00000166133	356	392	425	133
ENSG00000203573	5	7	6	3
ENSG00000137812	970	718	813	208
ENSG00000265814	3	3	4	2
ENSG00000259254	5	6	5	1
ENSG00000245849	246	269	293	86
ENSG00000051180	434	623	738	235
ENSG00000137824	1176	1322	1469	450
ENSG00000271236	2	1	0	0
ENSG00000137880	46	32	36	14
ENSG00000104129	368	616	461	119
ENSG00000188277	51	36	17	11
ENSG00000166140	955	1230	1138	335
ENSG00000166143	29	31	9	4
ENSG00000261183	285	397	305	97
ENSG00000166145	11942	12041	11218	3441
ENSG00000104140	1405	1727	1638	501
ENSG00000274798	3	3	4	1
ENSG00000104142	961	1297	1615	508
ENSG00000251161	31	23	26	9
ENSG00000128917	16	6	10	0
ENSG00000259405	7	1	8	1
ENSG00000128965	109	64	380	123
ENSG00000128908	520	553	782	234
ENSG00000259617	0	0	0	0
ENSG00000259463	1	0	0	0
ENSG00000259521	0	0	1	0
ENSG00000280036	1	1	1	0
ENSG00000259547	0	0	0	1
ENSG00000283133	0	0	0	0
ENSG00000157021	33	85	78	23
ENSG00000178997	21	16	17	8
ENSG00000240847	0	0	0	0
ENSG00000187446	4676	4770	4451	1384
ENSG00000247556	4548	3709	4299	1359
ENSG00000285920	0	0	0	0
ENSG00000104147	146	137	156	40
ENSG00000137804	17	11	15	2
ENSG00000259396	4	2	4	0
ENSG00000137806	516	739	672	235
ENSG00000137815	1572	2155	2310	693
ENSG00000200407	0	0	0	1
ENSG00000137825	44	40	29	6
ENSG00000062524	5	8	8	2
ENSG00000103932	1211	1237	1320	406
ENSG00000259838	1277	1719	1976	639
ENSG00000092445	452	592	561	186
ENSG00000260926	1	2	2	0
ENSG00000174197	656	683	763	254
ENSG00000207766	0	0	0	0
ENSG00000270702	1223	2048	1976	635
ENSG00000260814	0	0	0	0
ENSG00000137802	446	475	459	136
ENSG00000250379	0	0	0	0
ENSG00000243789	4	0	5	3
ENSG00000168970	174	98	62	24
ENSG00000243708	9	1	0	2
ENSG00000137877	120	86	20	12
ENSG00000200293	0	0	0	0
ENSG00000264850	0	0	0	0
ENSG00000174171	12	6	0	1
ENSG00000103966	1152	1363	1179	385
ENSG00000278493	0	2	0	0
ENSG00000259883	3	5	2	4
ENSG00000246740	7	2	9	1
ENSG00000188089	5	4	5	0
ENSG00000257797	0	0	0	0
ENSG00000159337	11	4	5	0
ENSG00000168907	542	559	429	146
ENSG00000166887	1687	1967	1759	535
ENSG00000207712	0	0	0	0
ENSG00000261002	1	0	0	1
ENSG00000103978	1934	1886	1863	538
ENSG00000214013	193	200	197	64
ENSG00000260571	1	0	1	1
ENSG00000258461	0	0	0	0
ENSG00000092529	13	17	7	1
ENSG00000103994	2122	1788	2116	634
ENSG00000201077	1	0	0	0
ENSG00000092531	578	686	535	165
ENSG00000261684	0	1	0	0
ENSG00000285942	0	0	0	0
ENSG00000180979	474	537	493	140
ENSG00000137814	481	584	705	209
ENSG00000261822	0	0	0	0
ENSG00000260490	1714	2502	2301	752
ENSG00000159433	32	31	38	11
ENSG00000260282	32	38	30	7
ENSG00000140326	437	388	463	126
ENSG00000278769	0	0	0	0
ENSG00000274403	5	0	0	1
ENSG00000128881	397	257	344	122
ENSG00000246283	0	0	0	0
ENSG00000286877	0	2	0	1
ENSG00000260799	0	3	0	0
ENSG00000254793	61	64	70	18
ENSG00000159459	1007	994	890	261
ENSG00000285080	0	0	0	0
ENSG00000281269	0	0	0	0
ENSG00000205871	134	234	163	57
ENSG00000137842	597	691	692	198
ENSG00000260928	1388	1527	1432	423
ENSG00000285117	0	0	1	0
ENSG00000261687	0	0	0	0
ENSG00000166946	621	800	736	238
ENSG00000166947	2	0	0	0
ENSG00000104055	0	1	0	0
ENSG00000202211	0	0	0	0
ENSG00000261679	493	832	843	242
ENSG00000159495	0	0	0	0
ENSG00000260406	0	0	0	0
ENSG00000168806	279	529	500	137
ENSG00000168803	342	396	570	174
ENSG00000140265	637	583	698	188
ENSG00000137822	448	437	433	135
ENSG00000243871	0	0	0	0
ENSG00000067369	1263	1236	1371	388
ENSG00000166963	165	167	478	145
ENSG00000168781	968	806	869	279
ENSG00000237289	361	462	360	115
ENSG00000242866	3	5	2	2
ENSG00000222398	0	0	0	0
ENSG00000284772	0	0	0	0
ENSG00000166762	215	216	205	71
ENSG00000206991	1	1	3	4
ENSG00000275601	6	6	4	1
ENSG00000224677	4	2	2	2
ENSG00000249839	4	1	0	1
ENSG00000223572	218	317	240	58
ENSG00000166763	10	5	8	0
ENSG00000201136	1	3	4	0
ENSG00000205771	123	94	111	36
ENSG00000206589	0	0	1	0
ENSG00000167004	22017	16377	11384	3311
ENSG00000128886	33	79	70	28
ENSG00000262560	0	0	0	0
ENSG00000140264	10036	15872	15394	4570
ENSG00000221792	0	0	0	0
ENSG00000184716	0	0	0	0
ENSG00000242028	145	75	68	25
ENSG00000140259	1262	1871	2125	655
ENSG00000092470	667	785	916	267
ENSG00000200391	0	0	0	0
ENSG00000171877	23	21	71	23
ENSG00000227973	246	430	402	135
ENSG00000185607	2218	2547	2361	691
ENSG00000224055	96	156	160	49
ENSG00000166734	2084	1794	2207	653
ENSG00000250130	8	13	11	3
ENSG00000259499	1	1	4	0
ENSG00000259595	1	1	1	0
ENSG00000137770	1220	1173	1138	330
ENSG00000259335	1	1	0	0
ENSG00000259563	6	8	3	0
ENSG00000179523	421	396	417	134
ENSG00000104131	1625	2570	3287	893
ENSG00000259659	10	5	6	2
ENSG00000104133	2146	1713	1694	532
ENSG00000229474	26	6	11	7
ENSG00000206957	0	0	1	0
ENSG00000166710	12764	12391	20724	6652
ENSG00000185880	715	655	838	259
ENSG00000276121	0	0	0	0
ENSG00000259479	10	18	11	3
ENSG00000259187	0	0	0	0
ENSG00000238845	0	0	0	0
ENSG00000212424	0	0	0	0
ENSG00000259742	1	1	3	0
ENSG00000259231	3	1	2	1
ENSG00000252117	0	0	0	0
ENSG00000167014	14	10	10	1
ENSG00000252475	0	0	0	0
ENSG00000259304	2	2	0	1
ENSG00000252288	0	0	0	0
ENSG00000212550	0	0	0	0
ENSG00000140263	367	574	456	147
ENSG00000259418	1	1	0	0
ENSG00000252171	0	0	0	0
ENSG00000259352	0	0	0	0
ENSG00000140279	6	14	6	0
ENSG00000140274	0	0	0	0
ENSG00000140254	5	1	1	0
ENSG00000137857	19	29	31	18
ENSG00000259539	0	0	0	0
ENSG00000138606	35	32	26	4
ENSG00000259519	14	11	11	4
ENSG00000259932	1	0	0	0
ENSG00000260035	0	4	0	0
ENSG00000279014	0	0	0	0
ENSG00000261709	0	0	0	0
ENSG00000259338	923	1107	839	253
ENSG00000259520	6	8	10	3
ENSG00000137860	11	8	11	2
ENSG00000285597	7	8	1	0
ENSG00000235390	2	0	1	0
ENSG00000259433	0	5	4	0
ENSG00000238941	0	0	0	0
ENSG00000171766	293	278	421	116
ENSG00000275672	5	12	6	0
ENSG00000171763	339	448	541	171
ENSG00000166920	41	48	69	26
ENSG00000259342	5	4	4	0
ENSG00000284386	0	0	0	0
ENSG00000259354	12	12	23	7
ENSG00000104154	159	221	314	90
ENSG00000179362	390	427	451	142
ENSG00000207516	0	0	0	0
ENSG00000259681	0	0	0	0
ENSG00000259427	0	0	0	0
ENSG00000275709	7	7	9	4
ENSG00000104164	1464	1537	2061	606
ENSG00000260170	0	0	0	0
ENSG00000200419	1	5	2	0
ENSG00000137767	673	1064	748	211
ENSG00000273972	7	5	7	2
ENSG00000259200	0	4	0	0
ENSG00000259743	0	0	0	0
ENSG00000287020	1	1	0	1
ENSG00000259593	1	0	0	0
ENSG00000238819	0	0	0	0
ENSG00000285934	5	5	6	0
ENSG00000287704	0	0	0	0
ENSG00000238456	0	0	0	0
ENSG00000259255	0	0	0	0
ENSG00000223308	0	0	0	0
ENSG00000259509	0	1	0	0
ENSG00000284540	22	25	23	12
ENSG00000137872	3	3	2	3
ENSG00000222343	0	0	0	0
ENSG00000259554	0	0	0	0
ENSG00000259221	1	2	3	1
ENSG00000259360	0	0	0	0
ENSG00000259740	0	0	0	0
ENSG00000259588	0	0	0	0
ENSG00000213862	21172	35761	28804	8983
ENSG00000259572	0	0	1	0
ENSG00000259754	0	0	0	0
ENSG00000259730	0	0	0	0
ENSG00000287439	0	1	0	1
ENSG00000188467	2	0	0	1
ENSG00000104177	1380	1376	1406	409
ENSG00000233932	0	0	0	0
ENSG00000074803	0	0	1	1
ENSG00000259235	0	0	0	0
ENSG00000259385	0	0	0	0
ENSG00000259488	29	41	43	6
ENSG00000202542	1	0	0	0
ENSG00000128951	1454	2511	2964	910
ENSG00000166147	8	6	5	1
ENSG00000286947	2	1	0	0
ENSG00000274654	0	0	0	0
ENSG00000259705	0	0	0	0
ENSG00000273925	0	0	0	0
ENSG00000103995	362	249	357	103
ENSG00000259216	194	189	200	62
ENSG00000259469	3	0	3	3
ENSG00000259670	0	0	0	0
ENSG00000259700	0	0	0	0
ENSG00000185634	4	3	7	0
ENSG00000255302	2295	3610	4035	1271
ENSG00000259602	0	0	0	0
ENSG00000259500	3060	6123	2205	668
ENSG00000138593	1172	1134	1296	410
ENSG00000207105	1	0	0	0
ENSG00000265942	2	0	0	0
ENSG00000259656	0	4	4	2
ENSG00000166200	1725	2617	2598	752
ENSG00000200120	0	0	0	0
ENSG00000156958	521	509	574	178
ENSG00000259467	28	60	71	24
ENSG00000264210	0	0	0	0
ENSG00000259545	3	3	5	1
ENSG00000243338	0	0	0	0
ENSG00000166262	77	111	70	26
ENSG00000275580	27	4	12	1
ENSG00000276593	1	2	0	0
ENSG00000259531	0	1	1	1
ENSG00000140285	35	37	48	7
ENSG00000104047	374	495	479	141
ENSG00000259388	95	73	71	20
ENSG00000104043	2	1	1	0
ENSG00000259188	0	0	0	0
ENSG00000201086	0	0	0	0
ENSG00000140284	5	33	62	16
ENSG00000200605	0	0	0	0
ENSG00000140287	0	0	0	0
ENSG00000241175	1	1	0	0
ENSG00000104064	511	588	617	175
ENSG00000271819	1	2	1	0
ENSG00000285410	162	250	270	92
ENSG00000244879	848	716	947	314
ENSG00000259715	0	0	0	0
ENSG00000284284	0	0	0	0
ENSG00000259465	49	86	64	24
ENSG00000138592	865	1077	964	292
ENSG00000252376	0	0	1	0
ENSG00000242737	946	1559	1091	349
ENSG00000170236	15	19	15	6
ENSG00000092439	1301	1343	1713	526
ENSG00000259684	0	0	0	0
ENSG00000243027	0	0	1	0
ENSG00000138600	1888	2014	2189	657
ENSG00000279665	3	6	2	0
ENSG00000259773	6	4	0	0
ENSG00000241130	2	1	1	0
ENSG00000273674	15	16	21	5
ENSG00000081014	306	366	499	157
ENSG00000259378	306	597	575	196
ENSG00000259240	2	0	4	2
ENSG00000183578	49	47	75	22
ENSG00000259204	0	0	0	0
ENSG00000137869	0	0	0	0
ENSG00000266593	0	0	0	0
ENSG00000259701	0	0	0	0
ENSG00000283614	0	0	0	0
ENSG00000278098	0	0	0	0
ENSG00000259306	0	0	0	0
ENSG00000186417	3	3	3	2
ENSG00000270378	0	2	0	1
ENSG00000259194	0	0	0	0
ENSG00000259678	0	0	0	0
ENSG00000104093	832	727	821	263
ENSG00000259668	12	9	19	4
ENSG00000104112	0	1	0	0
ENSG00000259241	0	0	0	0
ENSG00000259296	0	0	0	0
ENSG00000140280	157	277	402	138
ENSG00000128872	204	319	592	185
ENSG00000259377	0	2	1	0
ENSG00000138594	810	825	1564	528
ENSG00000274954	0	0	0	0
ENSG00000277677	2	0	0	0
ENSG00000259632	92	150	160	50
ENSG00000207484	0	0	0	0
ENSG00000259201	1	0	0	0
ENSG00000272337	0	0	0	0
ENSG00000259185	0	0	0	0
ENSG00000259556	3	12	14	1
ENSG00000166477	869	1215	1075	348
ENSG00000069956	2328	1983	3074	906
ENSG00000259438	4	6	6	1
ENSG00000274528	25	14	15	11
ENSG00000259398	1	3	0	2
ENSG00000259712	3	0	1	0
ENSG00000259178	0	0	0	0
ENSG00000242327	1814	3314	2587	786
ENSG00000137875	0	1	0	0
ENSG00000069966	252	250	142	48
ENSG00000259327	0	0	0	0
ENSG00000259709	0	0	1	0
ENSG00000206995	1	1	0	0
ENSG00000259577	11	12	8	3
ENSG00000128833	1226	1313	1592	475
ENSG00000221052	0	0	0	0
ENSG00000197535	659	1004	849	264
ENSG00000231169	1384	3190	3445	985
ENSG00000128989	2266	2169	2988	896
ENSG00000260618	41	34	15	6
ENSG00000047346	1567	1617	1259	359
ENSG00000259935	3	6	6	3
ENSG00000287500	8	3	5	0
ENSG00000169856	10	4	5	4
ENSG00000259203	0	0	0	0
ENSG00000214896	5771	10010	7188	2413
ENSG00000259612	35920	53601	44671	13818
ENSG00000259237	0	0	0	0
ENSG00000287596	0	0	0	0
ENSG00000166415	213	212	380	132
ENSG00000252066	1	0	0	0
ENSG00000206641	0	0	0	0
ENSG00000259301	0	0	0	0
ENSG00000280362	0	0	0	0
ENSG00000259669	1	1	0	0
ENSG00000137766	0	1	9	3
ENSG00000259619	39	32	24	9
ENSG00000259550	157	248	241	72
ENSG00000260937	0	0	0	0
ENSG00000279145	7	8	9	1
ENSG00000137876	2140	3282	4160	1284
ENSG00000069974	323	304	471	158
ENSG00000276533	5	2	8	0
ENSG00000225973	117	184	152	48
ENSG00000069943	259	326	293	85
ENSG00000260916	486	560	531	153
ENSG00000274765	3	3	0	1
ENSG00000277548	5	6	5	1
ENSG00000261771	0	0	0	0
ENSG00000283891	0	0	0	0
ENSG00000261652	90	121	96	27
ENSG00000256061	22	43	35	17
ENSG00000260036	123	125	215	71
ENSG00000171016	89	164	85	29
ENSG00000285805	3	4	4	1
ENSG00000166450	62	78	103	24
ENSG00000259180	0	0	0	0
ENSG00000259369	583	1242	1213	365
ENSG00000069869	758	998	1117	311
ENSG00000230183	107	59	61	15
ENSG00000239703	0	1	0	0
ENSG00000261333	203	371	314	89
ENSG00000181827	338	453	561	159
ENSG00000261072	0	0	0	0
ENSG00000151575	84	217	294	73
ENSG00000275417	0	0	0	0
ENSG00000199784	1	0	0	0
ENSG00000261174	0	1	1	0
ENSG00000259941	0	1	0	0
ENSG00000261823	0	1	1	0
ENSG00000138587	100	177	274	75
ENSG00000277245	1	6	4	2
ENSG00000260392	0	0	0	0
ENSG00000137871	280	341	284	105
ENSG00000276696	1	0	0	0
ENSG00000285253	0	0	0	0
ENSG00000274667	7	13	8	6
ENSG00000279683	0	0	0	0
ENSG00000285331	41	78	51	15
ENSG00000225625	0	0	0	0
ENSG00000276524	4	6	2	1
ENSG00000275343	2	2	0	0
ENSG00000140262	1106	1205	1185	348
ENSG00000260689	868	898	867	246
ENSG00000239035	1	0	0	0
ENSG00000247982	10	16	16	7
ENSG00000260172	0	0	0	0
ENSG00000260870	25	41	29	5
ENSG00000128849	223	110	53	31
ENSG00000252984	0	1	0	0
ENSG00000261489	0	0	0	0
ENSG00000261265	0	0	0	0
ENSG00000276772	1	0	0	0
ENSG00000240874	83	176	145	41
ENSG00000263155	49	32	36	12
ENSG00000137878	60	31	82	18
ENSG00000255529	888	1139	1140	357
ENSG00000261219	0	0	0	0
ENSG00000128918	0	0	0	0
ENSG00000259477	53	43	56	10
ENSG00000274719	0	0	0	0
ENSG00000259285	0	0	0	0
ENSG00000103569	0	0	0	0
ENSG00000259651	0	0	0	0
ENSG00000259626	0	0	0	0
ENSG00000259600	0	0	0	0
ENSG00000259379	0	0	1	1
ENSG00000259671	0	0	0	1
ENSG00000240934	2	3	2	1
ENSG00000166035	4	10	5	5
ENSG00000259293	0	2	5	0
ENSG00000277229	0	0	0	0
ENSG00000277790	0	0	0	0
ENSG00000259476	0	0	0	0
ENSG00000259250	5	13	21	1
ENSG00000137845	2309	2412	2345	682
ENSG00000270986	0	0	0	0
ENSG00000182625	55	83	114	36
ENSG00000282100	1909	2195	2272	662
ENSG00000199730	0	0	0	0
ENSG00000278513	2	3	6	1
ENSG00000286897	0	0	0	0
ENSG00000259173	120	222	223	64
ENSG00000200318	0	0	0	0
ENSG00000245975	18	30	41	14
ENSG00000128923	631	479	408	127
ENSG00000259402	6	10	3	0
ENSG00000259353	0	1	0	1
ENSG00000259738	2	1	2	0
ENSG00000157450	785	789	787	233
ENSG00000242747	2107	3558	2996	846
ENSG00000137776	1701	2063	2137	568
ENSG00000225798	1	0	0	1
ENSG00000259393	0	0	0	0
ENSG00000241640	0	0	0	0
ENSG00000157456	2245	1927	2060	541
ENSG00000277144	1	2	4	1
ENSG00000259732	2	0	1	1
ENSG00000157483	379	488	512	158
ENSG00000253030	1	0	1	0
ENSG00000171989	1	3	1	0
ENSG00000200070	0	0	1	0
ENSG00000259771	2	2	3	2
ENSG00000199512	0	0	0	0
ENSG00000259735	6	2	1	2
ENSG00000157470	59	71	99	34
ENSG00000259750	345	697	626	215
ENSG00000259674	2	2	0	1
ENSG00000200252	0	0	0	0
ENSG00000243780	0	0	0	0
ENSG00000240238	396	691	597	183
ENSG00000201704	0	0	0	0
ENSG00000140297	21	16	22	5
ENSG00000140307	881	1359	1627	541
ENSG00000227161	0	0	0	0
ENSG00000140299	1375	1516	1674	503
ENSG00000259657	137	224	201	63
ENSG00000259238	2	3	1	0
ENSG00000234797	16058	28588	21108	6539
ENSG00000286495	0	0	0	0
ENSG00000259601	44	76	78	33
ENSG00000259573	7	8	10	5
ENSG00000171956	0	0	0	0
ENSG00000259558	0	0	0	0
ENSG00000259223	0	0	0	0
ENSG00000287915	0	0	0	0
ENSG00000182718	12345	19582	22093	6818
ENSG00000240163	2	2	1	1
ENSG00000242667	6061	11799	8983	2877
ENSG00000273721	0	0	0	0
ENSG00000128915	1105	1226	1723	548
ENSG00000245534	5	9	13	5
ENSG00000069667	35	51	61	16
ENSG00000259274	0	0	0	0
ENSG00000259513	0	0	1	0
ENSG00000273958	0	0	0	0
ENSG00000286457	7	3	1	1
ENSG00000287508	1	0	0	0
ENSG00000277413	0	0	0	0
ENSG00000259482	0	0	0	0
ENSG00000212625	0	0	0	0
ENSG00000259591	0	0	0	0
ENSG00000273792	0	0	1	0
ENSG00000259481	0	0	0	1
ENSG00000259575	1	1	0	0
ENSG00000276473	0	0	0	0
ENSG00000259616	4	4	0	1
ENSG00000259530	0	0	0	0
ENSG00000259675	0	0	0	0
ENSG00000271195	0	0	0	0
ENSG00000259284	0	0	0	0
ENSG00000259564	1	1	2	0
ENSG00000129003	1364	1354	1336	432
ENSG00000285863	38	38	26	12
ENSG00000259251	14	18	24	6
ENSG00000198535	56	45	15	4
ENSG00000259466	76	164	148	63
ENSG00000205502	0	0	0	0
ENSG00000259697	7	5	6	2
ENSG00000166104	30	25	29	20
ENSG00000259878	0	0	0	0
ENSG00000276713	0	0	0	0
ENSG00000260062	0	1	2	0
ENSG00000260375	0	0	0	0
ENSG00000261296	0	0	0	0
ENSG00000260957	1	0	0	1
ENSG00000277919	0	0	0	0
ENSG00000275451	0	0	0	0
ENSG00000259557	3	4	5	1
ENSG00000274340	2	2	3	2
ENSG00000171914	293	280	363	126
ENSG00000259458	0	0	0	0
ENSG00000259756	4	5	2	3
ENSG00000211137	0	0	0	0
ENSG00000259370	7	3	3	3
ENSG00000259727	3	7	12	2
ENSG00000259394	1577	2315	2576	752
ENSG00000140416	3787	5401	7039	2166
ENSG00000259498	3	5	3	2
ENSG00000259627	0	0	0	0
ENSG00000259672	3	5	5	0
ENSG00000103642	389	434	643	198
ENSG00000185088	1211	2009	1732	531
ENSG00000166128	385	385	399	123
ENSG00000138613	477	493	614	158
ENSG00000074410	22256	13114	12351	3607
ENSG00000259459	472	103	53	16
ENSG00000259268	0	0	0	0
ENSG00000276651	1	1	0	0
ENSG00000140455	522	572	348	92
ENSG00000259248	44	61	51	18
ENSG00000197361	22	23	25	5
ENSG00000103657	1153	1015	950	307
ENSG00000259589	1	0	0	0
ENSG00000199156	0	0	0	0
ENSG00000275785	0	0	1	0
ENSG00000035664	162	218	206	51
ENSG00000259351	0	0	1	1
ENSG00000166797	1107	1410	1799	538
ENSG00000028528	2345	2472	2015	608
ENSG00000201071	0	3	0	0
ENSG00000157734	81	112	114	35
ENSG00000166794	4123	4131	3269	1006
ENSG00000169118	725	754	758	234
ENSG00000259316	1	0	2	0
ENSG00000252774	0	0	0	0
ENSG00000166803	636	787	914	213
ENSG00000103671	650	885	845	261
ENSG00000206781	0	1	0	0
ENSG00000180357	990	921	1076	347
ENSG00000259682	1	1	1	0
ENSG00000248415	1514	2293	2461	699
ENSG00000243403	4704	10253	9582	2800
ENSG00000239465	3	4	2	2
ENSG00000207223	0	0	0	0
ENSG00000207162	0	0	0	0
ENSG00000180304	2240	2351	2740	793
ENSG00000265967	0	0	0	0
ENSG00000264937	0	5	5	2
ENSG00000259635	11	6	3	1
ENSG00000166831	236	213	367	111
ENSG00000221033	0	0	0	0
ENSG00000140451	246	219	189	70
ENSG00000241839	87	96	78	25
ENSG00000249240	0	0	0	0
ENSG00000287494	4	2	0	1
ENSG00000166839	45	62	46	16
ENSG00000275332	0	0	1	0
ENSG00000274383	3	2	3	1
ENSG00000090487	2204	2559	2912	898
ENSG00000103707	176	243	252	81
ENSG00000270218	0	0	1	0
ENSG00000186198	1	2	0	0
ENSG00000277351	0	0	0	0
ENSG00000103710	2	2	0	0
ENSG00000234438	0	0	1	0
ENSG00000278737	1	1	1	0
ENSG00000246922	97	97	89	29
ENSG00000259258	27	36	48	13
ENSG00000090470	604	785	913	262
ENSG00000166855	1185	1136	1400	453
ENSG00000138615	1	1	0	1
ENSG00000279268	0	1	1	1
ENSG00000201709	0	0	0	0
ENSG00000138617	318	367	348	106
ENSG00000206903	2	4	3	0
ENSG00000199568	1	7	0	0
ENSG00000259346	0	0	0	0
ENSG00000200156	0	9	0	0
ENSG00000174498	62	63	57	18
ENSG00000103742	18	6	16	5
ENSG00000074603	1081	928	1045	341
ENSG00000270690	3	1	0	1
ENSG00000259232	1	9	10	2
ENSG00000252217	0	1	0	0
ENSG00000074696	4519	4524	4525	1409
ENSG00000207449	0	0	0	0
ENSG00000138614	902	1252	1314	380
ENSG00000074621	392	377	433	111
ENSG00000275638	0	0	0	0
ENSG00000174485	410	411	412	140
ENSG00000238311	0	0	0	0
ENSG00000264737	0	0	1	0
ENSG00000103769	6369	5923	7540	2318
ENSG00000261544	0	0	0	1
ENSG00000259924	115	103	110	32
ENSG00000249271	1050	1814	1627	523
ENSG00000283249	0	0	0	0
ENSG00000157890	15	12	9	4
ENSG00000263512	0	0	0	0
ENSG00000261318	1	0	0	1
ENSG00000166938	385	541	582	192
ENSG00000260773	9	4	8	4
ENSG00000075131	209	340	585	167
ENSG00000252712	1	1	1	0
ENSG00000223271	0	0	0	0
ENSG00000240821	0	0	0	0
ENSG00000169032	1248	1318	1819	533
ENSG00000261102	1	0	1	1
ENSG00000243404	1755	3435	3203	897
ENSG00000261351	15	27	29	11
ENSG00000174446	493	676	916	235
ENSG00000266589	2	0	1	0
ENSG00000174444	32688	54578	41806	13278
ENSG00000199574	0	0	0	0
ENSG00000280554	0	0	0	0
ENSG00000202529	0	0	0	0
ENSG00000199673	0	0	0	0
ENSG00000200623	0	0	0	0
ENSG00000174442	527	714	729	208
ENSG00000188501	11	12	18	4
ENSG00000259471	4	6	1	1
ENSG00000137834	110	147	91	21
ENSG00000274995	0	0	0	0
ENSG00000270490	1	0	0	0
ENSG00000277152	4	16	13	7
ENSG00000259437	0	1	1	0
ENSG00000259289	0	0	0	0
ENSG00000259347	0	1	0	0
ENSG00000259246	0	0	0	0
ENSG00000166949	433	373	334	88
ENSG00000259202	0	0	0	0
ENSG00000103591	1739	2288	2916	870
ENSG00000242634	11	16	18	2
ENSG00000103599	155	158	195	56
ENSG00000259673	214	181	133	43
ENSG00000189227	112	140	162	55
ENSG00000270964	26	37	17	7
ENSG00000137764	498	497	560	169
ENSG00000259512	544	869	862	267
ENSG00000188779	17	8	8	1
ENSG00000259410	0	0	0	0
ENSG00000245719	0	0	0	0
ENSG00000206625	96	117	88	29
ENSG00000261702	0	0	0	0
ENSG00000260109	107	169	168	79
ENSG00000033800	597	765	735	248
ENSG00000260007	19	16	16	2
ENSG00000129007	4	4	6	1
ENSG00000128973	188	407	408	112
ENSG00000260602	114	131	100	42
ENSG00000260657	1	0	0	0
ENSG00000169018	1857	1536	1394	449
ENSG00000137809	5	4	8	1
ENSG00000286770	0	0	0	0
ENSG00000103647	0	0	0	0
ENSG00000271232	0	0	0	0
ENSG00000140350	2792	3401	3942	1146
ENSG00000265195	1	0	0	1
ENSG00000258484	0	2	0	0
ENSG00000259286	71	126	113	33
ENSG00000285919	17	21	11	4
ENSG00000137808	0	0	0	0
ENSG00000255346	66	94	44	28
ENSG00000288068	9	9	4	1
ENSG00000273851	0	0	0	0
ENSG00000259265	0	0	0	0
ENSG00000212766	16	6	8	6
ENSG00000259222	0	0	0	0
ENSG00000138604	379	522	457	128
ENSG00000261634	8	16	10	8
ENSG00000259504	0	0	0	0
ENSG00000137819	27	38	36	20
ENSG00000259645	1	2	0	0
ENSG00000259426	29	51	57	16
ENSG00000207395	0	0	0	0
ENSG00000137807	1662	1380	1208	369
ENSG00000259191	18	16	27	6
ENSG00000137818	13028	25432	22378	6953
ENSG00000207119	0	0	6	0
ENSG00000259215	3	2	7	3
ENSG00000245750	12	37	13	7
ENSG00000259457	0	0	0	1
ENSG00000259496	40	49	36	6
ENSG00000259309	0	0	0	0
ENSG00000140332	1038	1443	1269	363
ENSG00000207965	0	0	0	0
ENSG00000200216	0	0	0	0
ENSG00000259252	0	0	0	0
ENSG00000259503	1	0	0	0
ENSG00000259473	0	0	0	0
ENSG00000287741	0	0	0	1
ENSG00000280639	1	2	1	0
ENSG00000259227	0	0	0	0
ENSG00000281264	1	0	0	0
ENSG00000280515	1	0	0	0
ENSG00000137831	727	748	765	207
ENSG00000259532	0	1	2	0
ENSG00000274297	0	1	4	1
ENSG00000259624	0	0	0	0
ENSG00000259452	0	0	1	0
ENSG00000235420	2288	4138	3323	1084
ENSG00000166173	56	141	269	106
ENSG00000259744	1	3	7	4
ENSG00000137821	99	154	222	75
ENSG00000259470	13993	27012	10189	3243
ENSG00000129028	56	66	112	32
ENSG00000242276	1326	2102	1707	557
ENSG00000187720	4794	2147	3674	1089
ENSG00000225362	121	103	202	80
ENSG00000259964	5	7	3	0
ENSG00000259781	3481	3921	4060	1127
ENSG00000260586	1	3	1	0
ENSG00000212664	11886	19882	16219	5309
ENSG00000278408	0	0	0	1
ENSG00000278570	32	28	22	5
ENSG00000260037	7	6	3	1
ENSG00000066933	749	901	843	254
ENSG00000200873	0	0	0	0
ENSG00000261632	4	3	3	2
ENSG00000260576	7	8	18	5
ENSG00000222094	1	2	5	1
ENSG00000166192	97	140	147	46
ENSG00000243568	6	5	8	0
ENSG00000260173	1	0	1	0
ENSG00000175318	134	144	84	22
ENSG00000067225	21221	27146	25288	7323
ENSG00000137817	751	856	926	292
ENSG00000273025	0	0	0	0
ENSG00000261460	1	1	4	1
ENSG00000140488	0	0	0	0
ENSG00000260729	0	0	1	0
ENSG00000213614	171	159	322	102
ENSG00000260339	3	3	9	4
ENSG00000243007	6761	15536	13966	4454
ENSG00000187806	0	0	0	0
ENSG00000261423	17	15	19	4
ENSG00000271072	422	833	843	260
ENSG00000261187	3	7	2	2
ENSG00000166233	1825	1829	1866	574
ENSG00000283798	0	0	0	0
ENSG00000260534	0	0	0	0
ENSG00000278313	0	0	2	0
ENSG00000260144	2	6	3	0
ENSG00000259783	0	0	0	0
ENSG00000260672	2	0	1	0
ENSG00000259909	0	0	0	0
ENSG00000215186	0	0	0	0
ENSG00000274350	0	0	0	0
ENSG00000175202	18	35	29	8
ENSG00000261281	1	1	1	1
ENSG00000140463	692	717	828	269
ENSG00000159322	802	1177	1312	373
ENSG00000260898	2	1	5	0
ENSG00000285729	0	0	1	0
ENSG00000259259	309	570	596	213
ENSG00000067141	876	1006	991	303
ENSG00000259691	0	0	0	0
ENSG00000259440	0	5	2	3
ENSG00000259528	0	1	0	0
ENSG00000138622	1	11	5	2
ENSG00000259650	0	0	0	0
ENSG00000183324	0	0	0	0
ENSG00000259186	0	0	0	0
ENSG00000156642	2701	3220	3820	1188
ENSG00000281183	32	18	25	4
ENSG00000103855	1427	1588	1592	479
ENSG00000276807	0	0	0	0
ENSG00000205363	39	53	103	28
ENSG00000260469	2	0	0	0
ENSG00000260624	0	0	0	0
ENSG00000167139	0	0	0	0
ENSG00000261801	63	65	72	21
ENSG00000129038	13	16	24	8
ENSG00000067221	203	327	445	133
ENSG00000140464	655	712	728	264
ENSG00000287543	0	1	3	1
ENSG00000260096	0	0	0	0
ENSG00000159289	0	1	0	0
ENSG00000278604	0	0	0	0
ENSG00000214702	0	0	0	0
ENSG00000167178	16	24	16	7
ENSG00000248540	2	2	6	1
ENSG00000261543	0	0	0	0
ENSG00000278348	1	1	0	0
ENSG00000129009	0	1	0	0
ENSG00000137868	7	3	6	2
ENSG00000140481	2	0	1	1
ENSG00000280309	0	0	1	0
ENSG00000261384	0	0	0	0
ENSG00000277749	0	0	0	0
ENSG00000140459	0	0	0	0
ENSG00000260266	7941	13080	13685	4069
ENSG00000261821	2	0	0	0
ENSG00000274937	1	0	0	0
ENSG00000277718	0	0	0	0
ENSG00000138623	85	51	52	14
ENSG00000277391	0	0	0	0
ENSG00000286696	0	0	1	0
ENSG00000138629	699	875	838	271
ENSG00000247240	87	77	93	29
ENSG00000260103	6	4	14	5
ENSG00000261775	1	4	2	0
ENSG00000212279	0	0	0	0
ENSG00000179361	264	232	259	104
ENSG00000179335	1367	1209	1135	336
ENSG00000275527	0	0	0	0
ENSG00000260919	1	1	0	0
ENSG00000179151	850	1146	1236	379
ENSG00000140465	116	512	1434	482
ENSG00000140505	15	69	12	2
ENSG00000103653	1800	1936	2473	725
ENSG00000264386	0	0	1	0
ENSG00000140506	2	1	0	0
ENSG00000261606	6	0	4	1
ENSG00000213578	0	0	0	0
ENSG00000140474	1706	1329	1287	428
ENSG00000275411	0	0	0	0
ENSG00000140497	2203	2343	2324	675
ENSG00000178802	972	1183	1117	330
ENSG00000178761	338	271	377	131
ENSG00000178741	2348	2957	3487	1116
ENSG00000178718	271	390	466	148
ENSG00000198794	253	461	598	186
ENSG00000261813	1434	2267	2867	840
ENSG00000199580	0	0	0	0
ENSG00000260483	1	0	0	0
ENSG00000138621	269	468	544	155
ENSG00000260152	5	7	5	2
ENSG00000203411	5	2	7	1
ENSG00000252722	0	0	0	0
ENSG00000240366	1352	2424	2540	824
ENSG00000167173	468	476	510	168
ENSG00000261779	0	0	0	0
ENSG00000287926	0	0	0	0
ENSG00000260660	2	0	1	0
ENSG00000260104	0	0	0	0
ENSG00000261205	20	61	52	18
ENSG00000167195	0	0	0	0
ENSG00000277295	0	0	0	0
ENSG00000140478	0	1	0	0
ENSG00000275992	0	0	0	0
ENSG00000260357	0	0	0	0
ENSG00000259790	795	1036	1284	417
ENSG00000140365	1332	2035	1204	437
ENSG00000275645	12	5	4	3
ENSG00000140398	205	311	227	65
ENSG00000284343	0	0	0	0
ENSG00000140400	560	491	356	132
ENSG00000260274	17	40	41	11
ENSG00000169375	1590	1434	1387	423
ENSG00000241890	0	3	0	0
ENSG00000261714	1	0	3	0
ENSG00000276744	7	6	3	2
ENSG00000169410	543	648	809	250
ENSG00000260165	2	8	7	5
ENSG00000259931	1	2	4	1
ENSG00000260269	2	1	3	0
ENSG00000169371	365	371	508	129
ENSG00000260235	0	0	0	0
ENSG00000260206	2	2	1	0
ENSG00000177971	468	988	958	265
ENSG00000275454	2	2	6	1
ENSG00000274515	2	3	0	1
ENSG00000173548	656	796	674	222
ENSG00000173546	79	40	16	5
ENSG00000260892	0	0	0	0
ENSG00000203392	82	37	19	3
ENSG00000182950	1	0	0	0
ENSG00000246877	7	7	7	1
ENSG00000260288	59	56	59	18
ENSG00000260815	4105	6246	6038	1928
ENSG00000261043	0	0	0	0
ENSG00000284385	0	0	0	0
ENSG00000187812	1	1	0	0
ENSG00000241807	0	0	0	0
ENSG00000261820	0	0	0	0
ENSG00000140367	620	869	947	298
ENSG00000266308	13	16	13	4
ENSG00000167196	1276	1636	1796	604
ENSG00000169752	18	43	46	22
ENSG00000260685	6	7	8	1
ENSG00000169758	53	66	54	14
ENSG00000259422	1	0	0	0
ENSG00000140374	5793	6839	6428	2064
ENSG00000196274	7	11	6	2
ENSG00000259581	8	3	0	2
ENSG00000287503	1	1	0	0
ENSG00000159556	13	11	14	4
ENSG00000259514	1	0	1	0
ENSG00000270036	0	0	0	0
ENSG00000140386	328	300	446	131
ENSG00000261232	0	1	0	0
ENSG00000266449	0	0	0	0
ENSG00000201510	7	92	3	1
ENSG00000117906	2076	2403	2858	794
ENSG00000243365	0	0	0	0
ENSG00000259565	3032	6580	2580	789
ENSG00000140368	1	4	1	0
ENSG00000140391	1453	2420	2434	674
ENSG00000259652	0	0	0	0
ENSG00000278991	3	4	0	0
ENSG00000269951	3	5	2	2
ENSG00000173517	293	301	366	118
ENSG00000259722	0	1	0	0
ENSG00000230459	0	3	1	0
ENSG00000140382	427	479	405	130
ENSG00000279033	0	0	0	0
ENSG00000259362	0	0	0	0
ENSG00000259420	6	1	1	3
ENSG00000169783	136	38	31	6
ENSG00000259666	0	0	0	0
ENSG00000259281	0	0	0	0
ENSG00000280359	0	0	0	0
ENSG00000259213	0	0	0	0
ENSG00000260139	0	0	0	0
ENSG00000260776	2	3	2	0
ENSG00000261244	0	0	0	0
ENSG00000242066	0	0	0	0
ENSG00000214646	0	1	0	0
ENSG00000261403	0	1	0	0
ENSG00000261143	0	2	0	0
ENSG00000167202	388	340	385	105
ENSG00000259792	0	2	0	0
ENSG00000183476	0	1	0	1
ENSG00000199633	0	0	0	0
ENSG00000136425	19	22	17	3
ENSG00000166411	432	495	575	170
ENSG00000260988	7	1	4	1
ENSG00000103740	13	11	12	3
ENSG00000259708	1	0	0	0
ENSG00000140403	1205	1404	1244	352
ENSG00000140395	570	832	784	266
ENSG00000272418	0	0	0	0
ENSG00000259562	16	11	11	3
ENSG00000259322	1	2	0	0
ENSG00000277482	0	1	0	0
ENSG00000279694	0	0	0	1
ENSG00000166426	62	18	56	21
ENSG00000259413	21	31	36	13
ENSG00000136381	1913	2010	1650	476
ENSG00000259474	7	11	5	0
ENSG00000188266	171	144	179	65
ENSG00000279373	1	5	0	2
ENSG00000041357	3080	4823	5802	1720
ENSG00000169684	423	454	398	135
ENSG00000261762	44	106	80	29
ENSG00000080644	34	22	16	7
ENSG00000279421	0	1	0	1
ENSG00000117971	27	7	20	4
ENSG00000259555	9	8	4	2
ENSG00000261303	0	0	1	0
ENSG00000213307	477	822	675	205
ENSG00000273512	0	0	0	0
ENSG00000238166	0	0	0	0
ENSG00000136378	150	153	55	18
ENSG00000185787	8490	9724	6294	1938
ENSG00000288561	0	0	0	1
ENSG00000243711	4002	6381	5146	1569
ENSG00000252061	0	0	1	1
ENSG00000279235	3	1	3	0
ENSG00000103811	687	502	307	107
ENSG00000058335	36	31	22	6
ENSG00000177699	8	2	2	3
ENSG00000259234	6	1	7	0
ENSG00000207695	0	0	0	0
ENSG00000259419	1076	1305	1392	425
ENSG00000235711	0	0	0	1
ENSG00000166557	2647	3552	5383	1568
ENSG00000287408	4	6	5	1
ENSG00000169330	25	13	19	7
ENSG00000259493	256	343	375	103
ENSG00000259208	149	163	229	58
ENSG00000260674	0	0	0	0
ENSG00000213527	35	82	61	15
ENSG00000259229	6	4	10	2
ENSG00000252995	0	0	0	0
ENSG00000259548	1	1	3	1
ENSG00000136371	78	144	155	43
ENSG00000261229	0	5	3	0
ENSG00000259332	0	0	0	0
ENSG00000279394	29	40	14	8
ENSG00000286813	6	11	13	3
ENSG00000180953	63	68	80	22
ENSG00000278600	169	156	165	64
ENSG00000259642	101	141	126	37
ENSG00000259770	275	218	225	67
ENSG00000140379	0	0	1	0
ENSG00000271364	0	0	0	0
ENSG00000279719	0	0	0	0
ENSG00000279705	2	6	1	1
ENSG00000275460	0	0	0	0
ENSG00000086666	2345	2861	2747	810
ENSG00000103876	1178	1310	857	265
ENSG00000259967	1	1	1	1
ENSG00000259417	15	7	4	2
ENSG00000259361	5	3	4	0
ENSG00000259495	2	2	3	2
ENSG00000172379	7	15	17	11
ENSG00000258010	0	0	0	0
ENSG00000287813	0	0	0	0
ENSG00000259175	14	21	13	3
ENSG00000270919	0	0	0	0
ENSG00000284059	0	0	0	0
ENSG00000222139	0	0	0	0
ENSG00000136379	524	648	594	173
ENSG00000271983	11	10	6	3
ENSG00000287108	1	2	3	0
ENSG00000103888	26	30	17	3
ENSG00000208003	0	0	0	0
ENSG00000259546	0	0	0	0
ENSG00000259649	0	0	0	0
ENSG00000117899	1362	1487	1805	544
ENSG00000260619	7	2	2	1
ENSG00000265855	0	0	0	0
ENSG00000277782	19	24	16	4
ENSG00000140406	765	619	780	268
ENSG00000156206	1	0	0	0
ENSG00000279834	0	0	0	0
ENSG00000259461	0	1	2	0
ENSG00000172349	3	4	2	1
ENSG00000271725	2	0	0	0
ENSG00000172345	74	66	70	15
ENSG00000286488	10	15	8	3
ENSG00000259343	64	49	45	11
ENSG00000188869	7	6	6	5
ENSG00000273920	1	3	2	1
ENSG00000284709	1	0	0	1
ENSG00000275995	7	0	1	1
ENSG00000259543	0	0	1	0
ENSG00000259594	0	1	1	0
ENSG00000259692	35	54	44	14
ENSG00000259622	49	81	94	22
ENSG00000183496	39	47	15	3
ENSG00000259518	5	5	7	2
ENSG00000287872	2	6	5	0
ENSG00000140598	508	640	934	282
ENSG00000212170	0	0	0	0
ENSG00000285974	9	10	10	5
ENSG00000188659	111	135	206	45
ENSG00000274376	1	0	2	0
ENSG00000278662	40	29	22	9
ENSG00000259429	89	50	26	14
ENSG00000237550	12400	20597	16894	5106
ENSG00000278202	0	0	0	0
ENSG00000197978	121	95	94	29
ENSG00000275695	0	0	0	0
ENSG00000276710	79	75	43	19
ENSG00000278603	0	0	0	0
ENSG00000255769	67	85	78	23
ENSG00000277741	0	0	1	0
ENSG00000259637	0	0	1	0
ENSG00000284803	0	0	0	0
ENSG00000182774	134	162	183	46
ENSG00000260836	0	0	0	0
ENSG00000278013	0	0	0	0
ENSG00000214575	2	11	10	3
ENSG00000259462	3	6	13	5
ENSG00000103723	1	7	7	2
ENSG00000259707	465	558	624	152
ENSG00000228141	5	3	1	1
ENSG00000259315	23	32	31	6
ENSG00000279758	12	8	12	0
ENSG00000259442	2	3	2	0
ENSG00000286817	3	1	1	0
ENSG00000250988	30	25	52	15
ENSG00000252690	8	12	11	3
ENSG00000186628	17	20	21	13
ENSG00000277864	0	0	0	0
ENSG00000156232	313	359	354	111
ENSG00000103942	605	640	1074	326
ENSG00000259805	5	6	6	2
ENSG00000169612	865	1346	1826	559
ENSG00000169609	520	602	818	241
ENSG00000260608	2	1	2	0
ENSG00000064726	1186	1832	2123	617
ENSG00000273747	3	4	2	3
ENSG00000259767	11	14	6	0
ENSG00000260351	0	1	3	2
ENSG00000259308	0	0	0	0
ENSG00000263643	0	1	0	0
ENSG00000286872	2	0	0	0
ENSG00000136404	1	1	0	0
ENSG00000166503	356	454	598	164
ENSG00000260579	0	0	0	0
ENSG00000259986	2	2	2	3
ENSG00000169594	0	0	0	0
ENSG00000140600	0	2	6	0
ENSG00000156218	18	28	12	5
ENSG00000212374	0	0	0	0
ENSG00000261665	2	3	4	2
ENSG00000200444	0	0	0	0
ENSG00000274128	0	0	1	0
ENSG00000259609	0	0	0	0
ENSG00000259404	0	2	2	0
ENSG00000280038	1	0	0	0
ENSG00000259694	0	0	0	0
ENSG00000259511	0	1	2	0
ENSG00000259726	0	1	0	0
ENSG00000225151	40	42	50	12
ENSG00000278422	0	0	0	0
ENSG00000184206	6	3	2	1
ENSG00000259633	0	0	0	0
ENSG00000259683	3	2	5	2
ENSG00000244056	1	0	0	0
ENSG00000259570	1	1	1	0
ENSG00000235370	4	4	2	2
ENSG00000272887	0	0	0	0
ENSG00000259538	0	0	0	0
ENSG00000259774	0	0	0	0
ENSG00000278785	0	0	0	0
ENSG00000197627	0	0	0	0
ENSG00000259551	0	0	0	0
ENSG00000259302	0	0	0	0
ENSG00000230373	1	7	9	1
ENSG00000259244	2	1	0	0
ENSG00000189136	21	21	14	7
ENSG00000259728	11	13	10	10
ENSG00000275120	3	1	6	4
ENSG00000176371	117	130	146	36
ENSG00000256278	3	3	0	1
ENSG00000276278	0	0	0	0
ENSG00000176700	66	97	105	37
ENSG00000254779	0	0	0	0
ENSG00000177082	147	159	141	54
ENSG00000277578	0	0	0	0
ENSG00000197696	38	61	40	24
ENSG00000140612	3120	4494	4978	1461
ENSG00000259654	7	7	4	3
ENSG00000285667	28	27	19	6
ENSG00000166716	993	743	828	271
ENSG00000259415	4	4	6	0
ENSG00000136383	38	41	29	6
ENSG00000200991	0	0	0	0
ENSG00000156222	11	20	11	2
ENSG00000286505	0	1	1	0
ENSG00000207037	1	2	1	0
ENSG00000212388	0	0	1	0
ENSG00000271044	1	2	1	0
ENSG00000073417	392	474	455	115
ENSG00000259270	0	1	0	0
ENSG00000229212	6	1	5	1
ENSG00000259449	2	2	2	1
ENSG00000259295	11	7	6	0
ENSG00000277582	0	0	0	0
ENSG00000188388	0	0	0	0
ENSG00000218052	4	1	1	2
ENSG00000259317	92	124	121	33
ENSG00000170776	650	689	754	224
ENSG00000284160	0	0	0	0
ENSG00000251891	0	0	0	0
ENSG00000259630	0	2	1	1
ENSG00000259375	0	0	0	0
ENSG00000259367	0	1	0	0
ENSG00000259276	0	0	0	0
ENSG00000202081	2	2	0	0
ENSG00000259453	0	0	1	0
ENSG00000259544	0	0	1	0
ENSG00000259407	16	18	24	10
ENSG00000259762	6	9	5	0
ENSG00000259416	14	8	8	2
ENSG00000183655	381	485	408	138
ENSG00000221634	1	3	0	1
ENSG00000259195	3	6	5	0
ENSG00000252931	0	0	0	0
ENSG00000264406	0	0	0	0
ENSG00000259608	0	0	0	0
ENSG00000260477	0	0	0	0
ENSG00000273540	2	0	1	0
ENSG00000252964	0	0	0	0
ENSG00000261077	17	21	19	10
ENSG00000200206	0	0	0	0
ENSG00000260125	0	0	0	0
ENSG00000259734	0	0	0	0
ENSG00000259636	0	0	0	0
ENSG00000259620	0	0	0	0
ENSG00000259761	0	0	0	2
ENSG00000259560	0	0	0	1
ENSG00000207150	0	0	1	0
ENSG00000259527	16	40	17	4
ENSG00000287391	24	27	19	9
ENSG00000140538	1	3	2	2
ENSG00000259183	0	0	0	0
ENSG00000260305	0	0	0	0
ENSG00000259494	147	213	215	63
ENSG00000173867	0	0	3	0
ENSG00000181991	788	1302	1287	405
ENSG00000279945	0	0	0	0
ENSG00000140543	55	57	41	21
ENSG00000259569	0	0	0	0
ENSG00000249487	0	0	0	0
ENSG00000221630	0	0	0	0
ENSG00000207703	0	0	0	0
ENSG00000283484	0	0	0	0
ENSG00000181026	319	463	506	170
ENSG00000172183	170	197	262	104
ENSG00000259676	0	0	0	0
ENSG00000157766	0	1	4	1
ENSG00000140511	7	5	2	1
ENSG00000140545	109	86	143	38
ENSG00000259350	0	1	0	0
ENSG00000259489	534	971	617	202
ENSG00000261549	259	337	401	130
ENSG00000260275	0	0	0	0
ENSG00000260123	1	1	2	2
ENSG00000261407	4	0	2	2
ENSG00000140526	1223	1163	726	236
ENSG00000239151	0	0	0	0
ENSG00000259699	170	195	222	66
ENSG00000259948	0	0	0	0
ENSG00000140522	1	0	0	0
ENSG00000140525	1851	1627	1641	531
ENSG00000140521	955	887	1032	311
ENSG00000275101	0	0	0	0
ENSG00000261441	11	12	8	5
ENSG00000279708	0	0	0	0
ENSG00000287717	0	0	0	0
ENSG00000255571	235	228	230	69
ENSG00000284329	0	0	0	0
ENSG00000140519	27	51	52	20
ENSG00000259218	1	0	2	0
ENSG00000261478	0	0	0	0
ENSG00000259713	2	7	3	3
ENSG00000140534	376	382	384	121
ENSG00000259615	2	2	5	0
ENSG00000166813	40	65	126	31
ENSG00000166819	16	6	19	3
ENSG00000166821	351	320	353	119
ENSG00000241362	28	47	40	13
ENSG00000140527	11	3	8	4
ENSG00000259561	1	0	0	0
ENSG00000206590	0	0	0	0
ENSG00000166823	23	33	22	1
ENSG00000259441	52	109	112	29
ENSG00000188095	5	3	5	0
ENSG00000166825	8	3	4	1
ENSG00000157823	518	387	446	147
ENSG00000250021	0	0	0	0
ENSG00000264966	0	2	0	1
ENSG00000259677	3	4	2	1
ENSG00000264796	0	0	0	0
ENSG00000212420	1	0	0	0
ENSG00000242498	1044	1125	1255	372
ENSG00000252645	0	0	0	0
ENSG00000259273	1	1	3	3
ENSG00000280377	11	15	18	3
ENSG00000140548	499	388	321	89
ENSG00000265871	1	1	1	0
ENSG00000273691	5	5	7	3
ENSG00000259291	394	288	249	87
ENSG00000276376	0	0	0	0
ENSG00000182054	9866	9253	7490	2240
ENSG00000259685	5	15	13	4
ENSG00000185033	1794	1235	1001	334
ENSG00000240470	0	0	0	0
ENSG00000225193	1900	4032	3033	952
ENSG00000185043	1921	1898	1841	526
ENSG00000183208	81	106	124	34
ENSG00000284626	0	0	0	0
ENSG00000213471	4	1	0	1
ENSG00000261147	2	0	0	0
ENSG00000182768	1194	1475	1628	486
ENSG00000275674	0	0	0	0
ENSG00000228998	0	0	0	0
ENSG00000270322	0	0	0	0
ENSG00000275345	0	0	0	0
ENSG00000271396	22	32	35	11
ENSG00000214433	15	15	7	7
ENSG00000275803	97	92	54	18
ENSG00000279980	58	50	79	16
ENSG00000238244	0	0	0	0
ENSG00000196391	164	145	206	57
ENSG00000259262	0	0	1	0
ENSG00000140575	3949	4040	1653	465
ENSG00000259177	0	0	0	0
ENSG00000140577	596	621	678	228
ENSG00000259212	5	1	2	0
ENSG00000259314	1	2	3	1
ENSG00000259736	9	18	15	7
ENSG00000285560	3	8	0	0
ENSG00000259746	648	1264	1645	460
ENSG00000278370	0	1	0	0
ENSG00000245479	4	5	2	1
ENSG00000197299	263	304	319	93
ENSG00000200677	1	1	0	0
ENSG00000287061	2	1	0	0
ENSG00000259704	7	6	4	1
ENSG00000241869	0	0	0	0
ENSG00000140564	632	576	1101	342
ENSG00000182511	2	1	0	0
ENSG00000196547	979	748	842	231
ENSG00000259661	0	0	0	0
ENSG00000184508	263	435	375	118
ENSG00000140553	1988	2238	2520	791
ENSG00000258384	12	17	15	7
ENSG00000166965	930	743	846	260
ENSG00000198901	176	142	143	43
ENSG00000284946	170	92	82	27
ENSG00000258725	24	40	23	2
ENSG00000200142	1	1	0	0
ENSG00000184056	61	106	111	29
ENSG00000214432	38	38	50	11
ENSG00000278514	0	2	3	2
ENSG00000258542	0	0	0	0
ENSG00000275929	2	2	3	2
ENSG00000258665	0	0	0	0
ENSG00000285661	1	4	1	1
ENSG00000185518	8	18	18	7
ENSG00000285883	0	0	0	0
ENSG00000258551	13	29	8	4
ENSG00000258954	1	0	0	0
ENSG00000258765	1	1	1	1
ENSG00000258540	0	0	0	0
ENSG00000259057	0	0	0	0
ENSG00000176463	63	205	68	20
ENSG00000260661	0	0	1	0
ENSG00000258761	0	0	0	0
ENSG00000258726	6	6	7	3
ENSG00000258925	5632	9963	11150	3301
ENSG00000140557	1	0	1	0
ENSG00000239197	0	0	0	0
ENSG00000258739	0	0	0	0
ENSG00000259170	0	0	0	0
ENSG00000183643	0	0	0	0
ENSG00000258647	4	3	0	2
ENSG00000258676	3	2	2	0
ENSG00000260337	20	9	5	0
ENSG00000271763	1	2	2	0
ENSG00000185442	1253	1131	936	265
ENSG00000259064	1	3	1	0
ENSG00000275965	1	2	0	0
ENSG00000272298	0	0	0	0
ENSG00000253954	2558	3228	4005	1127
ENSG00000258741	1464	1566	1338	465
ENSG00000240484	0	0	0	0
ENSG00000258562	0	0	1	0
ENSG00000260361	32	37	28	7
ENSG00000258527	3	5	5	1
ENSG00000258922	7	1	6	1
ENSG00000274215	0	1	3	0
ENSG00000272888	1091	1516	1738	499
ENSG00000279765	15	11	14	3
ENSG00000173575	1849	1601	1346	415
ENSG00000284324	1	0	0	0
ENSG00000182175	158	145	137	46
ENSG00000258611	48	45	29	7
ENSG00000285663	8	4	9	1
ENSG00000257060	1	3	10	1
ENSG00000258888	3	1	2	0
ENSG00000258971	0	0	0	0
ENSG00000258909	0	1	1	0
ENSG00000258787	206	242	219	83
ENSG00000258631	0	0	0	0
ENSG00000258754	29	34	89	28
ENSG00000258627	2	10	9	7
ENSG00000258476	0	1	2	1
ENSG00000259123	0	0	1	0
ENSG00000258831	0	0	4	0
ENSG00000258785	1	1	7	1
ENSG00000259724	0	1	0	1
ENSG00000258895	280	428	340	120
ENSG00000258570	0	1	0	0
ENSG00000140563	0	0	0	0
ENSG00000258632	1	3	7	0
ENSG00000287328	0	0	0	0
ENSG00000287950	0	0	0	0
ENSG00000285866	0	0	0	0
ENSG00000259331	0	0	1	0
ENSG00000286917	0	0	0	0
ENSG00000277654	1068	1607	940	316
ENSG00000270017	0	2	0	0
ENSG00000258433	3	2	1	0
ENSG00000258773	0	0	2	0
ENSG00000248441	1	3	0	0
ENSG00000273923	0	0	0	0
ENSG00000280304	0	0	0	0
ENSG00000285700	0	0	0	0
ENSG00000259134	6	14	9	0
ENSG00000258489	0	0	0	0
ENSG00000275016	1	2	1	0
ENSG00000222076	0	2	0	0
ENSG00000275443	1	1	2	0
ENSG00000259702	26	14	14	4
ENSG00000273771	0	1	1	0
ENSG00000247809	27	26	18	12
ENSG00000280048	0	0	0	0
ENSG00000277135	1	1	0	0
ENSG00000259359	0	0	0	0
ENSG00000278146	1	0	0	0
ENSG00000259763	3	5	1	1
ENSG00000280291	21	35	39	13
ENSG00000185551	2351	2379	626	170
ENSG00000283888	0	0	0	0
ENSG00000275322	7	11	8	0
ENSG00000259275	40	20	6	5
ENSG00000259614	8	22	17	4
ENSG00000259542	0	0	0	0
ENSG00000259312	0	1	0	0
ENSG00000250825	273	306	314	103
ENSG00000242295	221	474	359	161
ENSG00000259534	0	0	0	0
ENSG00000222617	0	0	0	0
ENSG00000274079	3	3	4	1
ENSG00000259340	539	522	588	161
ENSG00000214424	126	109	128	44
ENSG00000259282	0	0	0	0
ENSG00000185594	0	0	0	0
ENSG00000223120	0	0	0	0
ENSG00000259485	11	15	14	5
ENSG00000259403	0	0	0	0
ENSG00000259664	13	24	12	2
ENSG00000242863	1	0	0	1
ENSG00000251729	0	0	0	0
ENSG00000279091	1	0	2	0
ENSG00000259582	0	0	0	0
ENSG00000287267	0	0	0	0
ENSG00000287321	0	0	0	0
ENSG00000251209	196	185	144	42
ENSG00000259870	0	1	0	0
ENSG00000287000	0	0	0	0
ENSG00000140450	162	236	261	92
ENSG00000259478	0	5	2	0
ENSG00000258483	0	0	0	0
ENSG00000283372	0	0	0	0
ENSG00000259199	0	0	0	0
ENSG00000222361	0	0	0	0
ENSG00000259611	0	2	0	0
ENSG00000259320	0	0	1	0
ENSG00000259266	0	0	0	0
ENSG00000259041	0	0	1	0
ENSG00000274312	0	0	0	0
ENSG00000277987	8	10	3	0
ENSG00000283597	4	1	4	0
ENSG00000259507	0	0	0	0
ENSG00000259424	0	3	1	1
ENSG00000140443	3734	2562	2543	708
ENSG00000278022	5	7	8	5
ENSG00000264480	0	0	1	0
ENSG00000287191	0	2	3	0
ENSG00000259621	1	2	0	0
ENSG00000259475	2	3	0	0
ENSG00000183571	3	2	2	0
ENSG00000278090	32	29	38	10
ENSG00000182253	21	29	30	16
ENSG00000261054	1	0	0	0
ENSG00000103852	272	272	374	98
ENSG00000261616	18	13	9	1
ENSG00000259921	13	10	19	3
ENSG00000168904	248	255	399	131
ENSG00000259706	10457	7707	6877	2012
ENSG00000259228	67	96	78	33
ENSG00000259257	0	0	0	0
ENSG00000259590	0	0	0	0
ENSG00000259760	2	0	0	0
ENSG00000274294	0	0	0	0
ENSG00000259341	6	6	8	3
ENSG00000286893	0	0	0	0
ENSG00000279846	0	0	0	0
ENSG00000241562	211	390	337	90
ENSG00000068305	466	423	785	249
ENSG00000201724	0	0	0	0
ENSG00000183060	67	80	129	42
ENSG00000182397	1	4	2	1
ENSG00000259655	0	0	0	0
ENSG00000241588	0	0	0	0
ENSG00000259363	17	24	16	3
ENSG00000254744	0	0	0	0
ENSG00000140470	8	10	4	4
ENSG00000259219	4	3	2	1
ENSG00000252957	0	0	0	0
ENSG00000259356	3	2	3	1
ENSG00000189419	6	7	9	6
ENSG00000259430	0	0	0	0
ENSG00000154227	0	1	2	0
ENSG00000270127	21	37	24	6
ENSG00000251819	0	0	0	0
ENSG00000259205	3	10	5	1
ENSG00000259540	0	0	0	1
ENSG00000140471	284	334	369	112
ENSG00000200095	1	0	0	0
ENSG00000183475	430	439	500	147
ENSG00000212306	0	0	0	0
ENSG00000259381	17	23	31	8
ENSG00000259579	0	0	0	0
ENSG00000279588	10	14	6	4
ENSG00000259586	0	0	0	0
ENSG00000232386	25	22	24	10
ENSG00000272808	72	68	36	6
ENSG00000259604	0	0	0	0
ENSG00000272639	0	0	0	0
ENSG00000184254	136	209	102	27
ENSG00000278456	1	0	0	0
ENSG00000259583	4	14	4	5
ENSG00000154237	165	181	143	53
ENSG00000259376	3	1	3	1
ENSG00000259755	2	2	1	1
ENSG00000287892	2	2	0	0
ENSG00000259365	0	1	0	0
ENSG00000259182	2	3	1	0
ENSG00000131873	1920	1548	1816	541
ENSG00000131871	1233	1624	1483	499
ENSG00000131876	1527	1256	1452	488
ENSG00000259172	13	16	7	4
ENSG00000140479	115	178	113	36
ENSG00000279970	9	7	4	0
ENSG00000259764	8	2	8	0
ENSG00000274139	0	0	1	0
ENSG00000277210	1	3	0	0
ENSG00000282793	0	0	0	0
ENSG00000259464	0	0	0	0
ENSG00000259695	0	0	0	0
ENSG00000286733	9	19	21	9
ENSG00000184277	769	1067	1236	355
ENSG00000252614	0	0	2	0
ENSG00000185418	134	177	135	40
ENSG00000259658	0	0	0	0
ENSG00000259660	0	0	0	0
ENSG00000259236	0	0	0	0
ENSG00000240927	0	0	0	0
ENSG00000184140	0	0	0	0
ENSG00000182854	1	2	0	0
ENSG00000232459	0	0	0	0
ENSG00000214344	0	0	0	1
ENSG00000257109	1	0	2	1
ENSG00000259454	1	4	6	0
ENSG00000259646	0	0	3	0
ENSG00000177693	0	0	0	0
ENSG00000183909	0	1	0	0
ENSG00000275771	0	0	0	0
ENSG00000248893	2	0	1	0
ENSG00000259553	26	32	41	13
ENSG00000284557	0	0	0	0
ENSG00000185596	2277	2944	3220	1038
ENSG00000275449	16	13	16	4
ENSG00000248472	21	27	37	11
