# Program:featureCounts v2.0.0; Command:"featureCounts" "-a" "/home/zainabkamel/Desktop/PROJECT/SAMPLE_DATA/Homo_sapiens.GRCh38.99.chromosome.15.gtf" "-g" "gene_id" "-o" "counts.txt" "hs_T47D_shCTRL_RNAseq_rep1.bam" "hs_T47D_shCTRL_RNAseq_rep2.bam" "hs_T47D_shNR2F2_RNAseq_rep1.bam" "hs_T47D_shNR2F2_RNAseq_rep2.bam" 
Geneid	hs_T47D_shCTRL_RNAseq_rep1.bam	hs_T47D_shCTRL_RNAseq_rep2.bam	hs_T47D_shNR2F2_RNAseq_rep1.bam	hs_T47D_shNR2F2_RNAseq_rep2.bam
ENSG00000215567	8	4	5	2
ENSG00000201241	1	1	1	0
ENSG00000258463	0	0	1	0
ENSG00000274347	0	0	0	0
ENSG00000188403	0	0	0	0
ENSG00000258706	0	0	0	0
ENSG00000259337	0	0	0	0
ENSG00000259490	1	0	1	0
ENSG00000270961	0	0	0	0
ENSG00000271317	0	0	0	0
ENSG00000282520	0	0	0	0
ENSG00000282599	0	0	0	0
ENSG00000271336	0	0	0	0
ENSG00000277988	0	0	0	0
ENSG00000259769	0	0	0	0
ENSG00000258397	20	24	31	6
ENSG00000239471	0	0	0	0
ENSG00000258410	0	0	0	0
ENSG00000278935	0	0	0	0
ENSG00000258780	103	121	149	37
ENSG00000258628	125	138	211	56
ENSG00000259156	140	142	137	39
ENSG00000287122	0	1	10	0
ENSG00000258654	4	6	4	0
ENSG00000180229	158	140	131	39
ENSG00000258488	0	0	0	0
ENSG00000277322	1	3	1	1
ENSG00000258797	0	0	0	0
ENSG00000181984	1	0	0	0
ENSG00000278497	0	0	0	0
ENSG00000258916	0	0	0	0
ENSG00000258707	0	3	3	8
ENSG00000270685	0	0	0	0
ENSG00000278626	1	1	0	0
ENSG00000258590	11	7	4	0
ENSG00000279628	0	0	0	0
ENSG00000260409	2	6	4	1
ENSG00000238478	0	0	0	0
ENSG00000259383	0	0	0	0
ENSG00000259443	0	0	0	0
ENSG00000258420	0	0	0	0
ENSG00000274499	25	26	61	23
ENSG00000259089	2	0	0	0
ENSG00000259214	0	0	0	0
ENSG00000265322	0	0	0	0
ENSG00000230031	0	0	0	0
ENSG00000238489	0	0	0	0
ENSG00000261048	0	0	0	0
ENSG00000261554	0	0	0	0
ENSG00000258799	0	0	0	0
ENSG00000270831	13	14	8	8
ENSG00000266545	0	0	0	0
ENSG00000258710	2	1	0	0
ENSG00000258855	0	0	0	0
ENSG00000258494	0	0	0	0
ENSG00000270824	0	0	0	0
ENSG00000270451	0	0	0	0
ENSG00000282089	0	0	0	0
ENSG00000282268	0	0	0	0
ENSG00000270185	0	0	0	0
ENSG00000259698	0	0	0	0
ENSG00000259025	0	0	0	0
ENSG00000258771	21	21	16	9
ENSG00000243059	0	0	0	0
ENSG00000260986	0	0	0	0
ENSG00000279595	2	1	1	1
ENSG00000258684	119	103	125	33
ENSG00000258883	0	0	1	0
ENSG00000237161	1947	2542	2397	707
ENSG00000247765	7	5	3	2
ENSG00000207289	0	0	0	0
ENSG00000280881	0	0	0	0
ENSG00000280703	0	0	0	0
ENSG00000258415	0	1	0	0
ENSG00000268531	4	6	3	1
ENSG00000258712	11	13	25	13
ENSG00000258767	4	2	1	0
ENSG00000258848	1	0	0	0
ENSG00000277243	0	0	0	0
ENSG00000278522	2	0	1	0
ENSG00000275174	0	0	0	0
ENSG00000281347	0	0	0	0
ENSG00000277841	0	0	0	0
ENSG00000287345	0	0	0	0
ENSG00000284834	0	0	0	0
ENSG00000284788	0	0	0	0
ENSG00000280709	0	0	0	0
ENSG00000284988	0	0	0	0
ENSG00000279639	0	0	0	0
ENSG00000259324	0	0	0	0
ENSG00000285491	0	0	0	0
ENSG00000285116	0	0	0	0
ENSG00000182974	0	0	0	0
ENSG00000279408	0	0	0	0
ENSG00000279445	0	0	0	0
ENSG00000281113	0	0	0	0
ENSG00000281087	161	259	272	57
ENSG00000281179	0	0	0	0
ENSG00000281550	0	0	0	0
ENSG00000278263	0	0	0	0
ENSG00000280655	0	0	0	0
ENSG00000265793	0	0	0	0
ENSG00000233917	0	0	0	0
ENSG00000200790	0	0	0	0
ENSG00000258585	0	0	0	0
ENSG00000258997	7	1	4	0
ENSG00000264902	0	0	0	0
ENSG00000283524	0	0	0	0
ENSG00000285405	0	0	0	0
ENSG00000284500	0	0	0	0
ENSG00000258721	2	0	0	0
ENSG00000285472	0	0	0	0
ENSG00000283680	0	0	0	0
ENSG00000285135	0	0	0	0
ENSG00000284892	0	0	0	0
ENSG00000274102	0	0	0	0
ENSG00000183706	0	0	0	0
ENSG00000259435	0	0	0	0
ENSG00000260739	0	0	0	0
ENSG00000223877	0	0	0	0
ENSG00000270505	0	0	0	0
ENSG00000271288	0	0	0	0
ENSG00000259261	0	0	0	0
ENSG00000270356	0	0	0	0
ENSG00000271507	0	0	0	0
ENSG00000221641	0	0	0	0
ENSG00000259098	26	27	26	6
ENSG00000258732	60	36	44	10
ENSG00000274835	0	0	0	0
ENSG00000273679	63	82	165	42
ENSG00000274279	0	0	0	0
ENSG00000185182	0	0	0	0
ENSG00000274568	0	0	0	0
ENSG00000275363	1	1	2	0
ENSG00000277865	2	0	1	0
ENSG00000281909	0	0	0	0
ENSG00000276550	353	475	486	129
ENSG00000277561	1	1	0	0
ENSG00000277515	0	0	0	0
ENSG00000276141	74	63	75	15
ENSG00000277435	5	8	3	1
ENSG00000283273	5	5	8	3
ENSG00000277867	1	1	4	0
ENSG00000275325	392	455	484	137
ENSG00000277755	0	0	0	0
ENSG00000274253	5	5	6	2
ENSG00000259425	0	0	1	0
ENSG00000170113	1290	1228	1099	356
ENSG00000140157	1259	1612	1947	608
ENSG00000273749	3349	4210	3293	1007
ENSG00000275835	541	594	748	231
ENSG00000276172	26	16	21	6
ENSG00000273976	1	0	2	0
ENSG00000277505	0	0	0	0
ENSG00000175676	1	0	1	0
ENSG00000273981	0	0	0	0
ENSG00000274099	7	22	3	5
ENSG00000278541	0	0	0	0
ENSG00000276941	0	0	0	0
ENSG00000278552	10	25	23	4
ENSG00000259414	0	0	0	0
ENSG00000274471	34	32	44	14
ENSG00000273756	0	0	0	0
ENSG00000260399	0	0	0	0
ENSG00000261739	0	0	0	0
ENSG00000278222	0	0	0	0
ENSG00000286598	0	0	0	0
ENSG00000261418	0	0	0	0
ENSG00000174450	3	6	1	1
ENSG00000265673	0	0	0	0
ENSG00000179455	14	36	30	3
ENSG00000260978	1	3	1	0
ENSG00000254585	0	0	0	0
ENSG00000182636	65	107	122	39
ENSG00000286973	0	0	2	0
ENSG00000206616	0	0	0	0
ENSG00000260232	0	0	5	1
ENSG00000259905	0	0	0	1
ENSG00000260551	0	0	0	0
ENSG00000260780	0	0	0	0
ENSG00000260959	0	0	0	0
ENSG00000287888	0	0	0	0
ENSG00000286110	0	0	0	0
ENSG00000185823	15	16	6	0
ENSG00000128739	55	54	253	73
ENSG00000280118	1	4	4	0
ENSG00000241061	5395	9037	7608	2398
ENSG00000242088	4892	9808	6765	2138
ENSG00000273173	13	16	12	3
ENSG00000214265	0	0	0	0
ENSG00000224078	1449	1565	1395	448
ENSG00000276314	0	0	0	0
ENSG00000279192	0	0	0	0
ENSG00000276610	0	0	0	0
ENSG00000239014	0	0	0	0
ENSG00000257647	0	0	0	0
ENSG00000274640	0	0	0	0
ENSG00000207063	0	0	0	0
ENSG00000207001	0	0	0	0
ENSG00000207014	0	0	0	0
ENSG00000275529	0	0	0	0
ENSG00000207191	0	0	0	0
ENSG00000207442	0	0	0	0
ENSG00000207133	0	0	0	0
ENSG00000207093	0	0	0	0
ENSG00000206727	0	0	0	0
ENSG00000200661	0	0	0	0
ENSG00000206609	0	0	0	0
ENSG00000207197	0	0	0	0
ENSG00000207137	0	0	0	0
ENSG00000206621	0	0	0	0
ENSG00000207174	0	0	0	0
ENSG00000207263	0	0	0	0
ENSG00000206656	0	0	0	0
ENSG00000206688	0	0	0	0
ENSG00000207460	0	0	0	0
ENSG00000261069	0	0	0	0
ENSG00000278715	0	0	0	0
ENSG00000277785	0	0	0	0
ENSG00000275127	0	0	0	0
ENSG00000207375	0	0	0	0
ENSG00000287482	0	0	0	0
ENSG00000279735	0	0	0	0
ENSG00000207279	0	0	0	0
ENSG00000252326	0	0	0	0
ENSG00000251815	0	0	0	0
ENSG00000251896	0	0	0	0
ENSG00000278123	0	0	0	0
ENSG00000207245	0	0	0	0
ENSG00000252277	0	0	0	0
ENSG00000279050	0	0	0	0
ENSG00000212428	0	0	0	0
ENSG00000270814	0	0	1	0
ENSG00000201831	0	0	0	0
ENSG00000199712	0	0	0	0
ENSG00000199970	0	0	0	0
ENSG00000200680	0	0	0	0
ENSG00000200503	0	0	0	0
ENSG00000200812	0	0	0	0
ENSG00000278089	0	0	0	0
ENSG00000200726	0	0	0	0
ENSG00000199782	0	0	0	0
ENSG00000201943	0	0	0	0
ENSG00000200486	0	0	0	0
ENSG00000199453	0	0	0	0
ENSG00000273835	0	0	0	0
ENSG00000199960	0	0	0	0
ENSG00000201679	0	0	0	0
ENSG00000200757	0	0	0	0
ENSG00000201482	0	0	0	0
ENSG00000200163	0	0	0	0
ENSG00000199968	0	0	0	0
ENSG00000201969	0	0	0	0
ENSG00000199833	0	0	0	0
ENSG00000201326	0	0	0	0
ENSG00000201331	0	0	0	0
ENSG00000200398	0	0	0	0
ENSG00000199489	0	0	0	0
ENSG00000275524	0	0	0	0
ENSG00000201300	0	0	0	0
ENSG00000200801	0	0	0	0
ENSG00000199704	0	0	0	0
ENSG00000200987	0	0	0	0
ENSG00000202188	0	0	0	0
ENSG00000200949	0	0	0	0
ENSG00000200593	0	0	0	0
ENSG00000199311	0	0	0	0
ENSG00000201992	0	0	0	0
ENSG00000202499	0	0	0	0
ENSG00000200638	0	0	0	0
ENSG00000201907	0	0	0	0
ENSG00000200564	0	0	0	0
ENSG00000272460	0	0	0	0
ENSG00000200478	0	0	0	0
ENSG00000201143	0	0	0	0
ENSG00000202373	0	0	0	0
ENSG00000202261	0	0	0	0
ENSG00000280234	13	9	5	2
ENSG00000212380	0	0	0	0
ENSG00000276844	0	0	0	0
ENSG00000212528	0	0	0	0
ENSG00000201634	0	0	0	0
ENSG00000239169	0	0	0	0
ENSG00000114062	2122	2249	2826	803
ENSG00000261529	2	0	4	2
ENSG00000235731	0	0	0	0
ENSG00000223628	183	414	305	102
ENSG00000206190	869	334	383	101
ENSG00000222123	0	0	0	0
ENSG00000266517	1	0	0	0
ENSG00000259011	0	0	0	0
ENSG00000206187	1	0	0	0
ENSG00000258965	38	58	65	25
ENSG00000212604	0	0	0	0
ENSG00000258931	0	0	0	0
ENSG00000259150	4	7	1	0
ENSG00000286884	0	0	0	0
ENSG00000235160	0	0	0	0
ENSG00000287280	0	0	0	0
ENSG00000166206	46	93	134	39
ENSG00000278840	1	4	5	3
ENSG00000235518	0	0	0	0
ENSG00000242793	0	0	0	0
ENSG00000186297	0	0	0	0
ENSG00000259122	0	0	0	0
ENSG00000182256	5	6	3	0
ENSG00000228740	0	0	0	0
ENSG00000214254	0	1	0	0
ENSG00000200326	0	0	0	0
ENSG00000258624	0	0	0	0
ENSG00000261426	0	0	0	0
ENSG00000258970	0	0	0	0
ENSG00000259152	0	0	0	0
ENSG00000259168	0	0	0	0
ENSG00000258594	0	0	0	0
ENSG00000287922	30	35	58	9
ENSG00000258853	0	0	0	0
ENSG00000104044	1	1	2	0
ENSG00000232394	0	0	0	0
ENSG00000228992	663	1114	949	266
ENSG00000128731	1318	1345	1535	507
ENSG00000256338	37935	72611	61119	18367
ENSG00000261401	0	0	0	0
ENSG00000261561	0	0	0	0
ENSG00000237850	0	2	0	0
ENSG00000261497	0	0	0	0
ENSG00000153684	0	0	0	0
ENSG00000276891	0	0	0	0
ENSG00000261524	1	1	0	0
ENSG00000276928	0	0	0	0
ENSG00000274532	0	0	0	0
ENSG00000266039	0	0	0	0
ENSG00000284628	0	0	0	0
ENSG00000260159	89	123	138	53
ENSG00000261365	0	0	0	0
ENSG00000263964	0	0	0	0
ENSG00000274814	0	0	0	0
ENSG00000260053	10	10	6	1
ENSG00000183629	0	0	1	1
ENSG00000276955	0	0	0	0
ENSG00000261041	0	0	0	0
ENSG00000227717	1	1	0	0
ENSG00000260444	0	0	0	0
ENSG00000261581	0	0	1	0
ENSG00000206149	155	210	201	54
ENSG00000254398	0	0	0	0
ENSG00000188626	1	0	0	0
ENSG00000274632	0	0	0	0
ENSG00000261480	0	0	0	0
ENSG00000248334	49	38	47	16
ENSG00000260844	14	10	11	7
ENSG00000232431	18	22	27	9
ENSG00000256951	0	0	0	0
ENSG00000261377	362	420	504	136
ENSG00000271616	0	0	0	0
ENSG00000261649	7	6	16	6
ENSG00000270301	0	0	0	0
ENSG00000287894	0	0	0	0
ENSG00000034053	1	2	0	0
ENSG00000259277	0	0	0	1
ENSG00000104059	0	0	0	0
ENSG00000259299	311	319	324	70
ENSG00000252868	0	0	0	0
ENSG00000185115	211	293	529	144
ENSG00000259690	0	0	0	0
ENSG00000259814	0	0	0	0
ENSG00000259300	0	0	0	0
ENSG00000287334	0	0	0	0
ENSG00000256802	8	16	18	5
ENSG00000104067	1134	1327	1500	482
ENSG00000259644	2	3	2	0
ENSG00000234664	2941	3579	3602	1129
ENSG00000259523	14	13	12	3
ENSG00000259749	43	49	50	24
ENSG00000259647	733	1242	993	295
ENSG00000260174	2331	3404	2762	850
ENSG00000229389	0	0	0	0
ENSG00000179938	0	0	0	0
ENSG00000273818	0	0	0	0
ENSG00000261792	0	0	0	0
ENSG00000178081	0	0	0	0
ENSG00000207432	0	0	0	0
ENSG00000261247	0	0	0	0
ENSG00000277637	0	0	0	0
ENSG00000260897	0	0	0	0
ENSG00000261747	0	0	0	0
ENSG00000259906	0	0	0	0
ENSG00000225930	1	1	2	0
ENSG00000259993	36	22	37	11
ENSG00000206972	0	0	0	0
ENSG00000270955	0	0	0	1
ENSG00000279417	12	17	23	5
ENSG00000238783	0	0	0	0
ENSG00000166664	0	0	0	1
ENSG00000263070	0	0	0	0
ENSG00000238519	0	0	0	0
ENSG00000274966	0	0	0	0
ENSG00000186399	2	1	1	1
ENSG00000274424	0	0	0	0
ENSG00000271333	0	0	0	0
ENSG00000215302	11	9	16	4
ENSG00000270055	70	79	88	25
ENSG00000283345	0	0	0	0
ENSG00000260784	0	0	0	0
ENSG00000260693	1	0	1	0
ENSG00000178115	1	0	0	0
ENSG00000277031	0	0	0	0
ENSG00000259890	0	0	0	0
ENSG00000260128	1	1	0	1
ENSG00000207430	0	0	0	0
ENSG00000261794	1	2	1	0
ENSG00000270016	0	0	0	0
ENSG00000277467	0	0	0	0
ENSG00000269930	0	0	0	0
ENSG00000247728	2	0	0	0
ENSG00000285077	34	23	36	14
ENSG00000284906	0	3	0	0
ENSG00000285035	0	1	1	1
ENSG00000187951	348	198	156	43
ENSG00000206846	3	3	3	1
ENSG00000284783	1	1	4	0
ENSG00000103832	3	0	2	1
ENSG00000278696	0	0	0	0
ENSG00000259845	3	1	1	1
ENSG00000260382	599	815	889	244
ENSG00000198690	708	708	654	195
ENSG00000261628	0	0	1	0
ENSG00000166912	249	255	349	87
ENSG00000212526	1	0	0	0
ENSG00000259720	0	0	0	0
ENSG00000134160	1	0	1	0
ENSG00000207702	0	0	0	0
ENSG00000259448	8	12	18	11
ENSG00000259772	2	2	8	2
ENSG00000169926	637	606	972	306
ENSG00000259179	217	175	186	64
ENSG00000259696	184	256	257	104
ENSG00000169918	4	9	8	2
ENSG00000259358	387	255	271	87
ENSG00000277500	0	0	0	0
ENSG00000175344	2	4	6	1
ENSG00000206849	0	0	0	0
ENSG00000201084	0	0	0	0
ENSG00000279912	8	10	12	7
ENSG00000271078	0	1	0	0
ENSG00000207257	1	0	1	0
ENSG00000260211	56	49	72	18
ENSG00000260642	0	0	0	0
ENSG00000261491	0	0	0	0
ENSG00000249931	0	1	0	0
ENSG00000275776	0	0	0	0
ENSG00000215304	0	0	0	0
ENSG00000261279	0	0	0	0
ENSG00000206987	0	0	0	0
ENSG00000261708	0	0	0	0
ENSG00000206127	2	2	0	1
ENSG00000274076	0	0	0	0
ENSG00000270789	0	0	0	0
ENSG00000261375	0	0	0	0
ENSG00000254912	0	0	0	0
ENSG00000223509	36	30	31	8
ENSG00000261064	2	2	2	0
ENSG00000276724	0	0	0	0
ENSG00000262728	0	1	2	0
ENSG00000232653	16	7	9	2
ENSG00000277464	0	0	0	0
ENSG00000244952	3	3	2	0
ENSG00000198826	1663	1174	837	274
ENSG00000285948	2	0	1	0
ENSG00000166922	11	2	10	2
ENSG00000241818	1	0	1	1
ENSG00000259721	3	0	1	0
ENSG00000166923	0	1	0	1
ENSG00000248905	3268	1905	1575	495
ENSG00000259392	2	3	0	0
ENSG00000212415	0	0	0	0
ENSG00000259686	288	547	448	131
ENSG00000279958	0	0	0	0
ENSG00000215296	0	0	0	0
ENSG00000259446	0	0	0	0
ENSG00000198838	2	29	17	3
ENSG00000200008	0	0	0	0
ENSG00000276702	0	1	0	0
ENSG00000259408	3	4	1	0
ENSG00000259287	1	5	6	0
ENSG00000169857	112	313	275	76
ENSG00000184984	4	2	2	0
ENSG00000278472	0	1	3	0
ENSG00000287840	0	0	0	1
ENSG00000259505	0	0	1	0
ENSG00000134153	1534	2018	2297	717
ENSG00000243094	3	3	4	0
ENSG00000182405	93	241	211	81
ENSG00000134152	544	570	607	203
ENSG00000128463	802	1132	1059	308
ENSG00000140199	181	270	265	79
ENSG00000259468	0	0	0	0
ENSG00000207091	0	0	0	0
ENSG00000182117	1274	2317	2739	889
ENSG00000184507	0	1	0	0
ENSG00000176454	524	424	563	187
ENSG00000259904	3	5	10	5
ENSG00000175265	29	34	40	14
ENSG00000221649	0	0	0	0
ENSG00000260639	0	0	0	0
ENSG00000261081	0	0	0	0
ENSG00000279092	4	0	2	0
ENSG00000259917	3459	4048	3460	1073
ENSG00000261559	106	86	74	27
ENSG00000278582	0	0	0	0
ENSG00000215252	275	493	434	122
ENSG00000221065	0	0	0	0
ENSG00000259892	0	0	0	0
ENSG00000252425	0	0	0	0
ENSG00000261304	0	0	3	0
ENSG00000287973	0	0	0	0
ENSG00000159248	0	0	0	0
ENSG00000250007	0	1	2	0
ENSG00000159251	407	476	424	141
ENSG00000259751	220	175	205	63
ENSG00000021776	1315	1443	1414	392
ENSG00000231409	3400	6460	5759	1710
ENSG00000198146	788	768	1107	311
ENSG00000279364	0	0	0	0
ENSG00000259181	0	0	0	0
ENSG00000280396	2	0	1	0
ENSG00000259587	2	1	0	0
ENSG00000259665	0	0	0	0
ENSG00000255192	0	0	0	0
ENSG00000259397	274	600	743	219
ENSG00000259336	0	0	0	0
ENSG00000259592	375	648	605	200
ENSG00000259516	3	2	5	0
ENSG00000134146	440	636	724	234
ENSG00000259710	0	1	4	1
ENSG00000259585	228	304	360	89
ENSG00000265102	3	0	4	2
ENSG00000259688	0	0	0	0
ENSG00000259411	360	596	608	180
ENSG00000248079	0	2	0	0
ENSG00000259217	0	0	0	0
ENSG00000259245	0	0	1	0
ENSG00000265098	0	0	0	0
ENSG00000259639	0	0	1	1
ENSG00000259395	0	0	0	0
ENSG00000259737	0	0	0	0
ENSG00000270500	0	0	0	0
ENSG00000186073	144	213	283	81
ENSG00000261635	2080	2743	3196	957
ENSG00000261315	193	153	145	56
ENSG00000260582	3	3	1	2
ENSG00000261191	0	0	0	0
ENSG00000223518	694	660	810	214
ENSG00000212511	0	0	0	0
ENSG00000259280	0	0	0	0
ENSG00000134138	76	119	97	20
ENSG00000277202	0	0	0	0
ENSG00000206676	0	0	0	0
ENSG00000259460	0	0	0	0
ENSG00000274444	1	0	0	0
ENSG00000274216	0	0	1	0
ENSG00000270304	34	61	90	26
ENSG00000259434	0	1	2	2
ENSG00000243122	157	292	292	99
ENSG00000166069	0	0	0	0
ENSG00000259225	0	0	0	0
ENSG00000236914	2	17	8	4
ENSG00000259380	21	25	22	9
ENSG00000166068	161	140	294	90
ENSG00000171262	978	1199	1447	454
ENSG00000259192	16	11	9	0
ENSG00000172575	25	65	112	31
ENSG00000286786	8	20	10	4
ENSG00000259326	4	5	1	1
ENSG00000259598	0	1	0	0
ENSG00000175779	3	3	3	0
ENSG00000259731	0	0	0	0
ENSG00000274281	10	9	9	2
ENSG00000259345	42	22	16	7
ENSG00000259278	8	1	0	1
ENSG00000259423	0	0	0	0
ENSG00000175746	1	0	0	0
ENSG00000259447	0	0	0	0
ENSG00000259269	1	0	1	0
ENSG00000259390	4	1	0	0
ENSG00000137801	8679	10083	11135	3228
ENSG00000276107	27	37	27	8
ENSG00000278621	0	0	0	0
ENSG00000150667	525	277	332	105
ENSG00000259580	0	0	0	0
ENSG00000261136	174	144	290	115
ENSG00000166073	341	417	767	242
ENSG00000259432	0	0	0	1
ENSG00000246863	6	2	3	2
ENSG00000200305	0	0	0	0
ENSG00000128829	1483	1797	1719	532
ENSG00000259389	4	1	0	0
ENSG00000140319	6158	8323	8728	2442
ENSG00000248508	160	131	167	40
ENSG00000259584	3	1	1	1
ENSG00000275636	1	0	0	0
ENSG00000104081	494	436	312	106
ENSG00000259409	0	0	0	0
ENSG00000259239	0	0	0	0
ENSG00000156970	1214	1093	1254	401
ENSG00000137843	125	52	80	27
ENSG00000259288	0	0	0	0
ENSG00000273786	0	4	4	1
ENSG00000260648	1	2	1	3
ENSG00000279537	1	0	2	2
ENSG00000176753	2	2	2	1
ENSG00000279409	6	2	3	0
ENSG00000137841	29	21	19	5
ENSG00000230778	0	3	0	0
ENSG00000273855	0	0	1	0
ENSG00000259307	0	0	0	0
ENSG00000244705	0	0	0	1
ENSG00000259198	1	1	0	0
ENSG00000259330	786	480	460	128
ENSG00000188549	480	288	221	61
ENSG00000252714	0	0	0	0
ENSG00000233041	0	0	0	0
ENSG00000140323	59	90	52	22
ENSG00000259368	0	0	0	0
ENSG00000128944	1441	1226	1094	370
ENSG00000128928	2856	3111	3315	1033
ENSG00000140320	1489	1746	1847	610
ENSG00000259364	7	3	5	1
ENSG00000259211	0	5	1	0
ENSG00000169105	744	789	695	259
ENSG00000244251	3	0	0	0
ENSG00000259536	7	3	2	2
ENSG00000128891	176	200	251	79
ENSG00000223313	1	6	7	1
ENSG00000166133	357	392	424	132
ENSG00000203573	12	6	6	2
ENSG00000137812	974	723	814	211
ENSG00000265814	2	2	1	1
ENSG00000259254	4	6	4	4
ENSG00000245849	248	270	305	99
ENSG00000051180	433	625	742	237
ENSG00000137824	1168	1337	1500	458
ENSG00000271236	2	1	0	0
ENSG00000137880	41	29	30	13
ENSG00000104129	367	619	460	122
ENSG00000188277	51	35	18	11
ENSG00000166140	955	1215	1144	344
ENSG00000166143	29	30	8	4
ENSG00000261183	265	376	290	95
ENSG00000166145	11935	12098	11219	3437
ENSG00000104140	1405	1716	1637	503
ENSG00000274798	3	3	5	1
ENSG00000104142	961	1300	1623	508
ENSG00000251161	31	24	29	10
ENSG00000128917	14	6	8	0
ENSG00000259405	7	1	10	1
ENSG00000128965	108	64	384	123
ENSG00000128908	522	561	785	233
ENSG00000259617	0	0	0	0
ENSG00000259463	1	0	0	0
ENSG00000259521	0	0	1	0
ENSG00000280036	1	1	0	0
ENSG00000259547	0	0	0	0
ENSG00000283133	0	0	0	0
ENSG00000157021	30	85	82	28
ENSG00000178997	17	15	11	8
ENSG00000240847	0	0	1	0
ENSG00000187446	4713	4845	4547	1411
ENSG00000247556	4558	3710	4323	1378
ENSG00000285920	0	0	0	0
ENSG00000104147	142	136	153	41
ENSG00000137804	19	12	15	5
ENSG00000259396	4	3	2	0
ENSG00000137806	517	746	677	238
ENSG00000137815	1588	2165	2319	701
ENSG00000200407	0	0	0	1
ENSG00000137825	45	40	28	7
ENSG00000062524	5	8	8	2
ENSG00000103932	1134	1183	1205	401
ENSG00000259838	1279	1709	1948	626
ENSG00000092445	437	586	560	181
ENSG00000260926	2	2	2	0
ENSG00000174197	655	692	767	258
ENSG00000207766	0	0	0	0
ENSG00000270702	905	1514	1418	483
ENSG00000260814	0	0	0	0
ENSG00000137802	437	426	420	128
ENSG00000250379	0	0	0	0
ENSG00000243789	3	0	5	3
ENSG00000168970	166	92	59	24
ENSG00000243708	7	0	0	2
ENSG00000137877	117	88	22	13
ENSG00000200293	0	0	0	0
ENSG00000264850	0	0	0	0
ENSG00000174171	11	5	0	1
ENSG00000103966	1151	1368	1179	389
ENSG00000278493	0	2	0	0
ENSG00000259883	3	5	2	3
ENSG00000246740	4	1	4	2
ENSG00000188089	1	4	0	0
ENSG00000257797	0	0	0	0
ENSG00000159337	9	4	1	0
ENSG00000168907	546	566	424	143
ENSG00000166887	1694	1990	1771	535
ENSG00000207712	0	0	0	0
ENSG00000261002	1	0	0	1
ENSG00000103978	1922	1866	1843	528
ENSG00000214013	195	201	193	64
ENSG00000260571	1	0	1	1
ENSG00000258461	0	0	0	0
ENSG00000092529	8	16	7	0
ENSG00000103994	2130	1788	2126	636
ENSG00000201077	1	0	0	0
ENSG00000092531	534	630	494	157
ENSG00000261684	0	1	0	0
ENSG00000285942	0	0	0	0
ENSG00000180979	480	555	511	147
ENSG00000137814	484	571	704	210
ENSG00000261822	0	0	0	0
ENSG00000260490	1706	2442	2261	716
ENSG00000159433	19	18	26	11
ENSG00000260282	30	43	25	6
ENSG00000140326	440	386	468	125
ENSG00000278769	0	0	0	0
ENSG00000274403	5	0	0	1
ENSG00000128881	394	255	340	121
ENSG00000246283	0	0	0	0
ENSG00000286877	0	2	0	1
ENSG00000260799	0	0	0	0
ENSG00000254793	75	75	62	17
ENSG00000159459	1009	997	890	265
ENSG00000285080	0	0	0	0
ENSG00000281269	0	0	0	0
ENSG00000205871	605	1034	725	221
ENSG00000137842	599	692	697	198
ENSG00000260928	1294	1398	1329	379
ENSG00000285117	1	0	1	0
ENSG00000261687	0	0	0	0
ENSG00000166946	638	798	748	242
ENSG00000166947	2	0	0	0
ENSG00000104055	0	0	0	0
ENSG00000202211	0	0	0	0
ENSG00000261679	161	283	261	74
ENSG00000159495	0	0	0	0
ENSG00000260406	0	0	0	0
ENSG00000168806	274	530	493	136
ENSG00000168803	341	398	582	177
ENSG00000140265	637	582	706	191
ENSG00000137822	432	426	419	129
ENSG00000243871	1	0	0	0
ENSG00000067369	1265	1236	1374	393
ENSG00000166963	164	165	479	145
ENSG00000168781	989	824	889	280
ENSG00000237289	437	562	429	140
ENSG00000242866	4	6	1	2
ENSG00000222398	0	0	0	0
ENSG00000284772	0	0	0	0
ENSG00000166762	232	231	209	73
ENSG00000206991	1	2	3	4
ENSG00000275601	11	5	5	1
ENSG00000224677	4	4	2	2
ENSG00000249839	7	2	1	2
ENSG00000223572	251	366	286	70
ENSG00000166763	9	6	9	0
ENSG00000201136	1	3	4	0
ENSG00000205771	135	98	117	36
ENSG00000206589	0	0	1	0
ENSG00000167004	22105	16412	11444	3321
ENSG00000128886	30	73	67	28
ENSG00000262560	0	0	0	0
ENSG00000140264	9407	14722	14327	4247
ENSG00000221792	0	0	0	0
ENSG00000184716	0	0	0	0
ENSG00000242028	135	58	59	24
ENSG00000140259	1270	1879	2150	660
ENSG00000092470	673	788	903	269
ENSG00000200391	0	1	0	0
ENSG00000171877	23	21	72	24
ENSG00000227973	272	459	444	142
ENSG00000185607	2536	3042	2748	832
ENSG00000224055	0	0	1	0
ENSG00000166734	2076	1789	2213	657
ENSG00000250130	7	8	8	1
ENSG00000259499	1	1	5	0
ENSG00000259595	1	1	2	0
ENSG00000137770	1234	1187	1138	333
ENSG00000259335	1	1	0	0
ENSG00000259563	5	11	4	0
ENSG00000179523	412	380	403	133
ENSG00000104131	1625	2579	3291	894
ENSG00000259659	10	5	6	2
ENSG00000104133	2142	1707	1666	528
ENSG00000229474	25	6	11	7
ENSG00000206957	0	0	1	0
ENSG00000166710	12915	12510	20968	6739
ENSG00000185880	713	654	844	248
ENSG00000276121	0	0	0	0
ENSG00000259479	14	13	11	4
ENSG00000259187	0	0	0	0
ENSG00000238845	0	0	0	0
ENSG00000212424	0	0	0	0
ENSG00000259742	1	1	0	1
ENSG00000259231	0	0	0	0
ENSG00000252117	0	0	0	0
ENSG00000167014	1	0	0	0
ENSG00000252475	0	0	0	0
ENSG00000259304	5	1	1	2
ENSG00000252288	0	0	0	0
ENSG00000212550	0	0	0	0
ENSG00000140263	439	661	523	162
ENSG00000259418	0	0	0	0
ENSG00000252171	0	0	0	0
ENSG00000259352	0	0	0	0
ENSG00000140279	4	15	11	1
ENSG00000140274	0	0	0	0
ENSG00000140254	3	1	1	0
ENSG00000137857	20	29	30	18
ENSG00000259539	0	0	0	0
ENSG00000138606	34	29	21	2
ENSG00000259519	9	6	3	1
ENSG00000259932	1	0	0	0
ENSG00000260035	0	4	0	0
ENSG00000279014	0	0	0	0
ENSG00000261709	0	0	0	0
ENSG00000259338	815	1003	759	242
ENSG00000259520	4	4	10	3
ENSG00000137860	6	14	15	3
ENSG00000285597	7	8	2	0
ENSG00000235390	1	0	0	0
ENSG00000259433	0	0	1	0
ENSG00000238941	0	0	0	0
ENSG00000171766	297	284	423	116
ENSG00000275672	22	65	37	10
ENSG00000171763	346	450	541	171
ENSG00000166920	40	44	69	22
ENSG00000259342	8	6	8	2
ENSG00000284386	0	0	0	0
ENSG00000259354	6	2	9	4
ENSG00000104154	149	218	297	92
ENSG00000179362	300	308	342	110
ENSG00000207516	0	0	0	0
ENSG00000259681	0	0	0	0
ENSG00000259427	0	0	0	0
ENSG00000275709	4	7	9	3
ENSG00000104164	1472	1532	2078	611
ENSG00000260170	0	0	0	0
ENSG00000200419	0	2	2	0
ENSG00000137767	671	1058	731	211
ENSG00000273972	7	5	7	2
ENSG00000259200	0	1	0	0
ENSG00000259743	0	0	0	0
ENSG00000287020	1	1	0	1
ENSG00000259593	1	0	0	0
ENSG00000238819	0	0	0	0
ENSG00000285934	6	8	7	0
ENSG00000287704	0	0	0	0
ENSG00000238456	0	0	0	0
ENSG00000259255	0	0	0	0
ENSG00000223308	0	0	0	0
ENSG00000259509	0	0	0	0
ENSG00000284540	28	45	47	23
ENSG00000137872	3	3	1	3
ENSG00000222343	0	0	0	0
ENSG00000259554	0	0	0	0
ENSG00000259221	0	0	1	1
ENSG00000259360	0	0	0	0
ENSG00000259740	0	0	0	0
ENSG00000259588	0	0	0	0
ENSG00000213862	18300	30937	25069	7769
ENSG00000259572	0	0	1	0
ENSG00000259754	0	0	0	0
ENSG00000259730	0	0	0	0
ENSG00000287439	0	0	0	3
ENSG00000188467	2	1	0	1
ENSG00000104177	1387	1380	1407	407
ENSG00000233932	0	0	0	0
ENSG00000074803	0	0	0	0
ENSG00000259235	0	0	0	0
ENSG00000259385	0	0	0	0
ENSG00000259488	40	49	50	10
ENSG00000202542	1	0	0	0
ENSG00000128951	1451	2496	2958	915
ENSG00000166147	7	5	4	1
ENSG00000286947	0	0	0	1
ENSG00000274654	0	0	0	0
ENSG00000259705	0	0	0	0
ENSG00000273925	0	0	0	0
ENSG00000103995	362	254	355	104
ENSG00000259216	200	197	204	65
ENSG00000259469	3	0	3	4
ENSG00000259670	0	0	0	0
ENSG00000259700	0	0	0	0
ENSG00000185634	3	1	7	0
ENSG00000255302	2303	3625	4062	1267
ENSG00000259602	0	0	0	0
ENSG00000259500	1697	3401	1199	370
ENSG00000138593	1177	1135	1314	418
ENSG00000207105	1	0	0	0
ENSG00000265942	2	0	0	0
ENSG00000259656	0	4	4	2
ENSG00000166200	1672	2559	2593	758
ENSG00000200120	0	0	0	0
ENSG00000156958	528	503	573	179
ENSG00000259467	23	50	59	21
ENSG00000264210	0	0	0	0
ENSG00000259545	1	0	1	0
ENSG00000243338	0	0	0	0
ENSG00000166262	76	113	73	23
ENSG00000275580	27	3	12	1
ENSG00000276593	1	2	0	0
ENSG00000259531	0	0	1	2
ENSG00000140285	35	45	47	8
ENSG00000104047	380	502	488	141
ENSG00000259388	88	74	67	20
ENSG00000104043	2	1	1	0
ENSG00000259188	0	0	0	0
ENSG00000201086	0	0	0	0
ENSG00000140284	4	33	61	17
ENSG00000200605	0	0	0	0
ENSG00000140287	0	0	0	0
ENSG00000241175	0	0	1	0
ENSG00000104064	511	596	620	179
ENSG00000271819	1	2	1	0
ENSG00000285410	155	250	268	93
ENSG00000244879	841	711	926	308
ENSG00000259715	0	0	0	0
ENSG00000284284	0	0	0	0
ENSG00000259465	4	4	4	4
ENSG00000138592	818	1042	920	279
ENSG00000252376	1	0	1	0
ENSG00000242737	859	1416	960	339
ENSG00000170236	14	24	16	7
ENSG00000092439	1294	1374	1735	508
ENSG00000259684	0	0	0	0
ENSG00000243027	0	0	1	0
ENSG00000138600	1891	2072	2253	664
ENSG00000279665	3	0	2	0
ENSG00000259773	6	4	6	1
ENSG00000241130	0	0	0	0
ENSG00000273674	9	7	12	5
ENSG00000081014	312	361	502	154
ENSG00000259378	248	536	498	164
ENSG00000259240	5	3	2	1
ENSG00000183578	46	45	77	20
ENSG00000259204	0	0	0	0
ENSG00000137869	0	0	0	0
ENSG00000266593	0	0	0	0
ENSG00000259701	0	0	0	0
ENSG00000283614	0	0	0	0
ENSG00000278098	0	0	0	0
ENSG00000259306	0	0	0	0
ENSG00000186417	2	2	1	2
ENSG00000270378	0	0	0	0
ENSG00000259194	0	0	0	0
ENSG00000259678	0	0	0	0
ENSG00000104093	826	713	824	250
ENSG00000259668	13	10	18	4
ENSG00000104112	0	1	0	0
ENSG00000259241	0	0	0	0
ENSG00000259296	0	0	0	0
ENSG00000140280	157	282	404	140
ENSG00000128872	193	320	586	185
ENSG00000259377	0	2	1	0
ENSG00000138594	820	823	1551	525
ENSG00000274954	0	0	0	0
ENSG00000277677	0	0	0	1
ENSG00000259632	67	105	108	25
ENSG00000207484	0	0	0	0
ENSG00000259201	1	0	0	0
ENSG00000272337	0	0	0	0
ENSG00000259185	0	0	0	0
ENSG00000259556	4	12	15	1
ENSG00000166477	865	1215	1073	349
ENSG00000069956	2337	1983	3083	907
ENSG00000259438	3	6	6	1
ENSG00000274528	28	15	16	9
ENSG00000259398	1	3	0	2
ENSG00000259712	3	0	1	0
ENSG00000259178	0	0	0	0
ENSG00000242327	1766	3249	2611	760
ENSG00000137875	0	1	0	0
ENSG00000069966	237	238	139	49
ENSG00000259327	0	0	0	0
ENSG00000259709	0	0	1	0
ENSG00000206995	1	0	0	0
ENSG00000259577	10	11	8	2
ENSG00000128833	1236	1317	1592	488
ENSG00000221052	0	0	0	0
ENSG00000197535	662	1008	849	270
ENSG00000231169	1411	3357	3505	1001
ENSG00000128989	2260	2171	2996	902
ENSG00000260618	43	34	15	7
ENSG00000047346	1568	1624	1261	357
ENSG00000259935	3	6	7	3
ENSG00000287500	8	3	5	0
ENSG00000169856	10	5	5	4
ENSG00000259203	0	0	0	0
ENSG00000214896	4823	8363	6007	2063
ENSG00000259612	35735	54120	45570	14268
ENSG00000259237	0	0	0	0
ENSG00000287596	0	0	0	0
ENSG00000166415	211	213	385	135
ENSG00000252066	1	0	0	0
ENSG00000206641	0	0	0	0
ENSG00000259301	0	0	0	0
ENSG00000280362	0	0	0	0
ENSG00000259669	0	1	0	0
ENSG00000137766	0	1	4	0
ENSG00000259619	24	24	17	8
ENSG00000259550	0	0	1	0
ENSG00000260937	0	0	0	0
ENSG00000279145	7	8	9	1
ENSG00000137876	2147	3323	4188	1297
ENSG00000069974	315	301	473	159
ENSG00000276533	5	2	8	0
ENSG00000225973	118	180	157	48
ENSG00000069943	260	313	282	86
ENSG00000260916	479	561	532	150
ENSG00000274765	3	3	0	1
ENSG00000277548	5	6	5	1
ENSG00000261771	0	0	0	0
ENSG00000283891	0	0	0	0
ENSG00000261652	90	120	94	28
ENSG00000256061	23	35	37	17
ENSG00000260036	140	138	227	73
ENSG00000171016	88	160	86	26
ENSG00000285805	3	4	4	1
ENSG00000166450	59	77	107	26
ENSG00000259180	0	0	0	0
ENSG00000259369	2	7	6	3
ENSG00000069869	764	998	1125	317
ENSG00000230183	104	59	63	17
ENSG00000239703	0	0	0	0
ENSG00000261333	102	175	155	45
ENSG00000181827	338	454	558	160
ENSG00000261072	0	0	0	0
ENSG00000151575	79	207	296	73
ENSG00000275417	0	0	0	0
ENSG00000199784	1	0	0	0
ENSG00000261174	0	0	0	0
ENSG00000259941	0	1	0	0
ENSG00000261823	0	2	0	0
ENSG00000138587	99	183	275	78
ENSG00000277245	1	6	4	2
ENSG00000260392	0	0	0	0
ENSG00000137871	281	343	285	105
ENSG00000276696	1	0	0	0
ENSG00000285253	0	0	0	0
ENSG00000274667	7	13	8	6
ENSG00000279683	0	0	0	0
ENSG00000285331	39	63	45	18
ENSG00000225625	1	0	0	0
ENSG00000276524	4	6	2	1
ENSG00000275343	2	2	0	0
ENSG00000140262	1108	1212	1194	348
ENSG00000260689	966	1044	960	251
ENSG00000239035	1	0	0	0
ENSG00000247982	9	24	17	8
ENSG00000260172	0	0	0	0
ENSG00000260870	0	0	0	0
ENSG00000128849	225	108	56	25
ENSG00000252984	0	1	0	0
ENSG00000261489	0	0	0	0
ENSG00000261265	0	0	0	0
ENSG00000276772	1	0	0	0
ENSG00000240874	3	5	2	1
ENSG00000263155	50	32	35	11
ENSG00000137878	60	31	83	18
ENSG00000255529	893	1151	1149	355
ENSG00000261219	0	0	0	0
ENSG00000128918	0	0	0	0
ENSG00000259477	17	16	14	2
ENSG00000274719	0	0	0	0
ENSG00000259285	0	0	0	0
ENSG00000103569	0	0	0	0
ENSG00000259651	0	0	0	0
ENSG00000259626	0	0	0	0
ENSG00000259600	0	0	0	0
ENSG00000259379	0	0	0	0
ENSG00000259671	0	0	0	0
ENSG00000240934	0	1	0	0
ENSG00000166035	1	0	3	2
ENSG00000259293	5	0	2	1
ENSG00000277229	0	0	0	0
ENSG00000277790	0	0	0	0
ENSG00000259476	0	0	0	0
ENSG00000259250	4	13	22	1
ENSG00000137845	2331	2433	2361	694
ENSG00000270986	0	0	0	0
ENSG00000182625	67	86	127	42
ENSG00000282100	1435	1522	1610	437
ENSG00000199730	0	0	0	0
ENSG00000278513	0	0	0	0
ENSG00000286897	0	0	0	0
ENSG00000259173	1	3	1	1
ENSG00000200318	0	0	0	0
ENSG00000245975	15	26	29	11
ENSG00000128923	637	465	427	118
ENSG00000259402	3	5	4	0
ENSG00000259353	0	3	0	1
ENSG00000259738	0	0	0	0
ENSG00000157450	790	793	788	233
ENSG00000242747	1739	2951	2542	724
ENSG00000137776	1715	2069	2144	568
ENSG00000225798	1	0	0	1
ENSG00000259393	0	0	0	0
ENSG00000241640	0	0	0	0
ENSG00000157456	2259	1939	2070	546
ENSG00000277144	0	2	3	2
ENSG00000259732	2	0	1	1
ENSG00000157483	378	495	513	158
ENSG00000253030	1	0	1	0
ENSG00000171989	1	3	1	0
ENSG00000200070	0	0	1	0
ENSG00000259771	1	3	2	2
ENSG00000199512	0	0	0	0
ENSG00000259735	2	2	0	1
ENSG00000157470	61	72	99	34
ENSG00000259750	319	651	581	195
ENSG00000259674	0	0	0	0
ENSG00000200252	0	0	0	0
ENSG00000243780	0	0	0	0
ENSG00000240238	381	698	598	161
ENSG00000201704	0	0	0	0
ENSG00000140297	12	11	8	3
ENSG00000140307	864	1317	1561	520
ENSG00000227161	0	0	0	0
ENSG00000140299	1390	1524	1704	501
ENSG00000259657	133	208	187	66
ENSG00000259238	2	3	1	0
ENSG00000234797	16457	29389	21672	6713
ENSG00000286495	0	0	0	0
ENSG00000259601	30	48	76	20
ENSG00000259573	5	4	5	0
ENSG00000171956	0	0	0	0
ENSG00000259558	0	0	0	0
ENSG00000259223	0	0	0	0
ENSG00000287915	0	0	0	0
ENSG00000182718	12454	19740	22261	6877
ENSG00000240163	2	2	1	1
ENSG00000242667	4509	8676	6752	2133
ENSG00000273721	0	0	0	0
ENSG00000128915	1117	1236	1728	551
ENSG00000245534	6	9	12	5
ENSG00000069667	36	51	57	16
ENSG00000259274	0	0	0	0
ENSG00000259513	0	0	1	0
ENSG00000273958	0	0	0	0
ENSG00000286457	1	3	0	2
ENSG00000287508	1	0	0	0
ENSG00000277413	0	0	0	0
ENSG00000259482	0	0	0	0
ENSG00000212625	0	0	0	0
ENSG00000259591	0	0	0	0
ENSG00000273792	0	0	1	0
ENSG00000259481	0	0	0	1
ENSG00000259575	2	1	0	0
ENSG00000276473	0	0	0	0
ENSG00000259616	4	3	1	0
ENSG00000259530	0	0	0	0
ENSG00000259675	0	0	0	0
ENSG00000271195	0	0	0	0
ENSG00000259284	0	0	0	0
ENSG00000259564	1	1	2	0
ENSG00000129003	1374	1361	1350	433
ENSG00000285863	17	19	16	11
ENSG00000259251	14	18	25	7
ENSG00000198535	58	46	15	4
ENSG00000259466	0	2	2	1
ENSG00000205502	0	0	0	0
ENSG00000259697	1	1	2	2
ENSG00000166104	7	8	4	4
ENSG00000259878	0	0	0	0
ENSG00000276713	0	0	0	0
ENSG00000260062	0	1	0	0
ENSG00000260375	0	0	0	0
ENSG00000261296	0	0	0	0
ENSG00000260957	1	0	0	0
ENSG00000277919	0	0	0	0
ENSG00000275451	0	0	0	0
ENSG00000259557	0	0	0	0
ENSG00000274340	2	2	3	2
ENSG00000171914	295	276	367	127
ENSG00000259458	0	0	0	0
ENSG00000259756	0	1	1	1
ENSG00000211137	0	0	0	0
ENSG00000259370	4	3	2	2
ENSG00000259727	3	7	12	2
ENSG00000259394	1380	2048	2303	647
ENSG00000140416	3826	5438	7062	2156
ENSG00000259498	4	4	3	1
ENSG00000259627	0	0	0	0
ENSG00000259672	8	13	9	3
ENSG00000103642	396	430	648	201
ENSG00000185088	1191	2001	1725	536
ENSG00000166128	389	389	406	126
ENSG00000138613	482	494	618	155
ENSG00000074410	22338	13159	12400	3609
ENSG00000259459	472	100	52	16
ENSG00000259268	0	1	0	0
ENSG00000276651	1	1	0	0
ENSG00000140455	502	562	344	90
ENSG00000259248	45	57	44	17
ENSG00000197361	24	24	28	5
ENSG00000103657	1133	1020	947	299
ENSG00000259589	1	0	0	0
ENSG00000199156	0	0	0	0
ENSG00000275785	0	0	1	0
ENSG00000035664	162	214	204	55
ENSG00000259351	0	0	1	1
ENSG00000166797	1112	1414	1796	540
ENSG00000028528	2351	2481	2046	610
ENSG00000201071	0	3	0	0
ENSG00000157734	81	96	96	34
ENSG00000166794	3983	3979	3162	973
ENSG00000169118	729	765	766	234
ENSG00000259316	1	0	3	1
ENSG00000252774	0	0	0	0
ENSG00000166803	609	765	891	203
ENSG00000103671	642	876	838	259
ENSG00000206781	0	1	0	0
ENSG00000180357	992	926	1067	345
ENSG00000259682	1	1	1	0
ENSG00000248415	797	1171	1258	355
ENSG00000243403	4721	10322	9628	2821
ENSG00000239465	6	7	5	4
ENSG00000207223	0	0	0	0
ENSG00000207162	1	0	0	0
ENSG00000180304	2258	2369	2757	799
ENSG00000265967	0	0	0	0
ENSG00000264937	0	5	5	2
ENSG00000259635	8	5	4	1
ENSG00000166831	240	213	367	110
ENSG00000221033	0	0	0	0
ENSG00000140451	245	218	193	64
ENSG00000241839	87	95	79	24
ENSG00000249240	0	0	0	0
ENSG00000287494	0	0	0	0
ENSG00000166839	45	68	49	14
ENSG00000275332	0	0	1	0
ENSG00000274383	2	4	5	1
ENSG00000090487	2219	2585	2957	901
ENSG00000103707	184	256	250	82
ENSG00000270218	0	0	0	0
ENSG00000186198	1	2	0	0
ENSG00000277351	0	0	0	0
ENSG00000103710	2	2	0	0
ENSG00000234438	0	0	1	0
ENSG00000278737	1	1	1	0
ENSG00000246922	94	91	88	26
ENSG00000259258	0	2	0	0
ENSG00000090470	613	796	928	271
ENSG00000166855	1176	1137	1392	440
ENSG00000138615	1	1	0	1
ENSG00000279268	5	2	4	0
ENSG00000201709	0	0	0	0
ENSG00000138617	317	371	350	105
ENSG00000206903	1	2	0	0
ENSG00000199568	2	7	0	0
ENSG00000259346	0	0	0	0
ENSG00000200156	0	10	0	0
ENSG00000174498	61	64	54	18
ENSG00000103742	17	6	15	6
ENSG00000074603	1077	927	1055	342
ENSG00000270690	3	1	0	1
ENSG00000259232	1	9	10	2
ENSG00000252217	0	0	0	0
ENSG00000074696	4513	4513	4523	1401
ENSG00000207449	0	0	0	0
ENSG00000138614	916	1276	1333	388
ENSG00000074621	392	383	435	111
ENSG00000275638	0	0	0	0
ENSG00000174485	409	413	415	141
ENSG00000238311	0	0	0	0
ENSG00000264737	0	0	1	0
ENSG00000103769	6379	5932	7533	2305
ENSG00000261544	0	0	0	1
ENSG00000259924	111	108	110	32
ENSG00000249271	1063	1950	1794	541
ENSG00000283249	0	0	0	0
ENSG00000157890	15	13	10	4
ENSG00000263512	0	0	0	0
ENSG00000261318	1	0	0	1
ENSG00000166938	383	544	572	189
ENSG00000260773	7	4	6	3
ENSG00000075131	210	321	581	168
ENSG00000252712	2	1	2	0
ENSG00000223271	0	0	0	0
ENSG00000240821	0	0	0	0
ENSG00000169032	1246	1312	1804	528
ENSG00000261102	1	0	0	0
ENSG00000243404	610	1162	1080	307
ENSG00000261351	14	27	29	11
ENSG00000174446	496	675	919	237
ENSG00000266589	1	0	1	0
ENSG00000174444	32829	54774	41969	13346
ENSG00000199574	0	0	0	0
ENSG00000280554	0	0	0	0
ENSG00000202529	0	0	0	0
ENSG00000199673	0	0	0	0
ENSG00000200623	0	0	0	0
ENSG00000174442	531	715	724	208
ENSG00000188501	8	11	19	4
ENSG00000259471	1	0	0	0
ENSG00000137834	107	148	90	21
ENSG00000274995	0	0	0	0
ENSG00000270490	1	0	0	0
ENSG00000277152	4	16	13	7
ENSG00000259437	1	0	0	0
ENSG00000259289	0	0	0	0
ENSG00000259347	16	29	14	10
ENSG00000259246	0	0	0	0
ENSG00000166949	441	373	337	86
ENSG00000259202	0	0	0	0
ENSG00000103591	1750	2317	2938	877
ENSG00000242634	0	0	0	0
ENSG00000103599	157	159	193	57
ENSG00000259673	217	192	133	40
ENSG00000189227	102	123	152	52
ENSG00000270964	25	36	16	7
ENSG00000137764	493	498	566	174
ENSG00000259512	135	199	209	61
ENSG00000188779	16	7	7	1
ENSG00000259410	0	0	0	0
ENSG00000245719	0	0	0	0
ENSG00000206625	95	117	87	32
ENSG00000261702	0	0	0	0
ENSG00000260109	0	0	0	0
ENSG00000033800	606	766	727	247
ENSG00000260007	19	16	16	2
ENSG00000129007	3	4	6	1
ENSG00000128973	175	386	391	105
ENSG00000260602	68	76	66	19
ENSG00000260657	1	0	0	0
ENSG00000169018	1870	1547	1396	450
ENSG00000137809	4	0	1	1
ENSG00000286770	0	0	0	0
ENSG00000103647	0	0	0	0
ENSG00000271232	0	0	0	0
ENSG00000140350	2889	3515	4041	1185
ENSG00000265195	1	0	0	1
ENSG00000258484	0	2	0	0
ENSG00000259286	43	82	70	22
ENSG00000285919	7	10	15	4
ENSG00000137808	0	0	0	0
ENSG00000255346	66	92	45	28
ENSG00000288068	5	7	4	2
ENSG00000273851	0	0	0	0
ENSG00000259265	0	0	0	0
ENSG00000212766	15	6	10	6
ENSG00000259222	0	0	0	0
ENSG00000138604	380	525	452	127
ENSG00000261634	1	3	8	0
ENSG00000259504	0	0	0	0
ENSG00000137819	26	41	37	21
ENSG00000259645	2	1	1	0
ENSG00000259426	20	40	51	17
ENSG00000207395	0	0	0	0
ENSG00000137807	1651	1377	1219	367
ENSG00000259191	14	19	20	9
ENSG00000137818	13297	25800	22861	7063
ENSG00000207119	0	0	6	0
ENSG00000259215	1	3	4	0
ENSG00000245750	19	33	18	7
ENSG00000259457	0	0	0	1
ENSG00000259496	32	40	44	4
ENSG00000259309	0	0	0	0
ENSG00000140332	1025	1448	1273	360
ENSG00000207965	0	0	0	0
ENSG00000200216	0	0	0	0
ENSG00000259252	0	0	0	0
ENSG00000259503	1	0	0	0
ENSG00000259473	0	0	0	0
ENSG00000287741	0	0	0	0
ENSG00000280639	1	4	1	1
ENSG00000259227	0	0	0	0
ENSG00000281264	1	0	0	0
ENSG00000280515	0	1	3	2
ENSG00000137831	742	758	766	209
ENSG00000259532	0	0	0	0
ENSG00000274297	0	1	5	1
ENSG00000259624	0	0	0	0
ENSG00000259452	0	0	0	0
ENSG00000235420	1767	3159	2552	824
ENSG00000166173	58	141	274	106
ENSG00000259744	4	6	7	3
ENSG00000137821	101	147	220	73
ENSG00000259470	13198	25610	9785	3039
ENSG00000129028	57	65	114	33
ENSG00000242276	633	1108	860	277
ENSG00000187720	4805	2156	3696	1089
ENSG00000225362	124	102	206	81
ENSG00000259964	5	5	2	0
ENSG00000259781	3593	3991	4110	1154
ENSG00000260586	1	3	1	0
ENSG00000212664	12233	20464	16761	5469
ENSG00000278408	0	0	0	1
ENSG00000278570	32	28	21	5
ENSG00000260037	7	5	3	1
ENSG00000066933	747	890	838	254
ENSG00000200873	0	0	1	0
ENSG00000261632	3	1	1	0
ENSG00000260576	7	9	18	5
ENSG00000222094	1	1	1	0
ENSG00000166192	97	152	153	45
ENSG00000243568	6	3	7	0
ENSG00000260173	1	0	1	0
ENSG00000175318	133	146	84	25
ENSG00000067225	21346	27418	25514	7391
ENSG00000137817	758	867	917	292
ENSG00000273025	0	0	0	0
ENSG00000261460	1	1	4	1
ENSG00000140488	0	0	0	0
ENSG00000260729	0	0	1	0
ENSG00000213614	160	157	298	96
ENSG00000260339	2	2	9	4
ENSG00000243007	6510	14890	13565	4335
ENSG00000187806	0	0	0	0
ENSG00000261423	17	15	19	4
ENSG00000271072	227	491	498	147
ENSG00000261187	4	7	1	2
ENSG00000166233	1830	1799	1851	563
ENSG00000283798	0	0	0	0
ENSG00000260534	0	0	0	0
ENSG00000278313	0	0	0	0
ENSG00000260144	2	6	3	0
ENSG00000259783	0	0	0	0
ENSG00000260672	2	0	1	0
ENSG00000259909	0	0	0	0
ENSG00000215186	0	0	0	0
ENSG00000274350	0	0	0	0
ENSG00000175202	18	29	26	7
ENSG00000261281	0	0	0	0
ENSG00000140463	699	723	844	271
ENSG00000159322	809	1193	1328	378
ENSG00000260898	1	0	4	0
ENSG00000285729	0	0	0	0
ENSG00000259259	115	178	184	57
ENSG00000067141	878	1019	1001	304
ENSG00000259691	0	0	0	0
ENSG00000259440	0	1	0	0
ENSG00000259528	0	1	0	0
ENSG00000138622	2	9	4	2
ENSG00000259650	0	0	0	0
ENSG00000183324	0	0	0	0
ENSG00000259186	0	0	0	0
ENSG00000156642	2691	3207	3824	1185
ENSG00000281183	32	19	25	4
ENSG00000103855	1452	1617	1613	494
ENSG00000276807	0	0	0	0
ENSG00000205363	38	47	104	28
ENSG00000260469	2	0	0	0
ENSG00000260624	0	0	0	0
ENSG00000167139	0	0	0	0
ENSG00000261801	56	61	72	23
ENSG00000129038	13	14	25	7
ENSG00000067221	206	329	449	136
ENSG00000140464	653	716	735	262
ENSG00000287543	0	1	3	1
ENSG00000260096	0	0	0	0
ENSG00000159289	0	0	1	0
ENSG00000278604	0	0	0	0
ENSG00000214702	0	0	0	0
ENSG00000167178	4	4	3	0
ENSG00000248540	1	6	3	3
ENSG00000261543	0	0	0	0
ENSG00000278348	0	0	4	0
ENSG00000129009	0	1	0	0
ENSG00000137868	3	1	5	2
ENSG00000140481	2	0	1	1
ENSG00000280309	0	0	1	0
ENSG00000261384	0	0	0	0
ENSG00000277749	0	0	0	0
ENSG00000140459	0	0	0	0
ENSG00000260266	6047	9932	10338	3151
ENSG00000261821	0	0	1	0
ENSG00000274937	1	0	0	0
ENSG00000277718	0	0	0	0
ENSG00000138623	85	53	53	14
ENSG00000277391	0	0	0	0
ENSG00000286696	0	0	1	0
ENSG00000138629	712	886	844	276
ENSG00000247240	89	76	98	31
ENSG00000260103	5	1	5	6
ENSG00000261775	1	5	1	0
ENSG00000212279	0	0	0	0
ENSG00000179361	262	231	258	106
ENSG00000179335	1346	1209	1130	329
ENSG00000275527	0	0	0	0
ENSG00000260919	2	1	0	0
ENSG00000179151	849	1150	1225	376
ENSG00000140465	116	513	1438	478
ENSG00000140505	11	66	9	3
ENSG00000103653	1812	1962	2472	721
ENSG00000264386	0	0	1	0
ENSG00000140506	2	1	0	0
ENSG00000261606	6	0	2	0
ENSG00000213578	0	0	0	0
ENSG00000140474	1700	1315	1288	427
ENSG00000275411	0	0	0	0
ENSG00000140497	2206	2338	2312	676
ENSG00000178802	975	1185	1129	338
ENSG00000178761	344	277	376	134
ENSG00000178741	2323	2914	3459	1123
ENSG00000178718	268	394	465	148
ENSG00000198794	260	470	591	187
ENSG00000261813	1207	1945	2483	727
ENSG00000199580	0	0	0	0
ENSG00000260483	1	0	0	0
ENSG00000138621	267	468	546	155
ENSG00000260152	1	1	0	0
ENSG00000203411	5	6	10	6
ENSG00000252722	0	0	0	0
ENSG00000240366	1047	1798	1920	632
ENSG00000167173	466	469	504	168
ENSG00000261779	0	0	0	0
ENSG00000287926	0	0	0	0
ENSG00000260660	2	0	1	0
ENSG00000260104	0	0	0	0
ENSG00000261205	28	60	41	19
ENSG00000167195	0	0	0	0
ENSG00000277295	0	0	0	0
ENSG00000140478	0	0	0	0
ENSG00000275992	0	0	0	0
ENSG00000260357	0	0	0	0
ENSG00000259790	779	1003	1286	388
ENSG00000140365	1389	2103	1249	451
ENSG00000275645	12	5	4	3
ENSG00000140398	198	323	232	63
ENSG00000284343	0	0	0	0
ENSG00000140400	559	493	363	132
ENSG00000260274	16	40	41	11
ENSG00000169375	1605	1452	1384	422
ENSG00000241890	0	1	0	0
ENSG00000261714	1	0	3	0
ENSG00000276744	7	6	3	2
ENSG00000169410	541	653	803	245
ENSG00000260165	6	11	8	5
ENSG00000259931	0	3	3	1
ENSG00000260269	2	1	3	0
ENSG00000169371	363	360	494	125
ENSG00000260235	0	0	0	0
ENSG00000260206	9	2	0	1
ENSG00000177971	441	954	914	252
ENSG00000275454	2	2	6	1
ENSG00000274515	2	3	0	1
ENSG00000173548	649	798	676	222
ENSG00000173546	79	39	15	5
ENSG00000260892	0	0	0	0
ENSG00000203392	79	38	17	3
ENSG00000182950	1	0	0	0
ENSG00000246877	7	7	6	1
ENSG00000260288	47	36	32	13
ENSG00000260815	4337	6611	6414	2023
ENSG00000261043	0	0	0	0
ENSG00000284385	0	0	0	0
ENSG00000187812	1	0	0	0
ENSG00000241807	0	0	0	0
ENSG00000261820	0	0	0	0
ENSG00000140367	623	882	969	302
ENSG00000266308	5	6	6	2
ENSG00000167196	1271	1645	1801	599
ENSG00000169752	18	43	48	21
ENSG00000260685	1	2	0	0
ENSG00000169758	48	54	38	12
ENSG00000259422	1	0	0	0
ENSG00000140374	5867	6925	6521	2107
ENSG00000196274	4	6	5	1
ENSG00000259581	7	5	0	2
ENSG00000287503	1	1	0	0
ENSG00000159556	12	11	12	4
ENSG00000259514	1	0	1	0
ENSG00000270036	0	0	0	0
ENSG00000140386	328	296	441	131
ENSG00000261232	0	0	0	0
ENSG00000266449	0	0	0	0
ENSG00000201510	5	68	3	1
ENSG00000117906	2078	2421	2872	797
ENSG00000243365	0	0	0	0
ENSG00000259565	2125	4553	1739	528
ENSG00000140368	0	1	1	0
ENSG00000140391	1468	2441	2448	673
ENSG00000259652	0	0	0	0
ENSG00000278991	3	4	0	0
ENSG00000269951	3	5	2	2
ENSG00000173517	292	300	365	117
ENSG00000259722	0	1	0	0
ENSG00000230459	0	3	5	0
ENSG00000140382	424	482	407	130
ENSG00000279033	0	0	0	0
ENSG00000259362	0	0	0	0
ENSG00000259420	6	1	1	3
ENSG00000169783	137	38	31	6
ENSG00000259666	0	0	0	0
ENSG00000259281	0	0	0	0
ENSG00000280359	0	0	0	0
ENSG00000259213	0	0	0	0
ENSG00000260139	0	0	0	0
ENSG00000260776	3	2	2	0
ENSG00000261244	0	0	0	0
ENSG00000242066	0	0	0	0
ENSG00000214646	0	1	1	0
ENSG00000261403	0	0	0	0
ENSG00000261143	0	2	0	0
ENSG00000167202	415	356	403	110
ENSG00000259792	0	2	0	0
ENSG00000183476	0	1	0	1
ENSG00000199633	0	0	0	0
ENSG00000136425	19	25	17	3
ENSG00000166411	430	490	578	170
ENSG00000260988	7	1	4	1
ENSG00000103740	11	9	9	4
ENSG00000259708	1	0	0	0
ENSG00000140403	1190	1390	1253	353
ENSG00000140395	575	840	792	266
ENSG00000272418	0	0	0	0
ENSG00000259562	16	11	11	3
ENSG00000259322	1	1	0	0
ENSG00000277482	0	1	0	0
ENSG00000279694	0	0	0	1
ENSG00000166426	61	16	54	20
ENSG00000259413	12	21	25	6
ENSG00000136381	1910	1998	1650	476
ENSG00000259474	1	5	2	0
ENSG00000188266	165	143	179	64
ENSG00000279373	1	5	0	2
ENSG00000041357	3066	4807	5782	1705
ENSG00000169684	410	424	391	124
ENSG00000261762	43	109	82	32
ENSG00000080644	32	22	16	8
ENSG00000279421	1	1	0	1
ENSG00000117971	27	7	17	3
ENSG00000259555	5	6	0	1
ENSG00000261303	0	0	1	0
ENSG00000213307	371	613	509	150
ENSG00000273512	0	0	0	0
ENSG00000238166	0	0	0	0
ENSG00000136378	160	161	55	18
ENSG00000185787	8581	9778	6313	1954
ENSG00000288561	0	0	0	1
ENSG00000243711	3645	5830	4672	1406
ENSG00000252061	0	0	1	1
ENSG00000279235	3	1	3	0
ENSG00000103811	690	503	308	109
ENSG00000058335	35	31	23	7
ENSG00000177699	1	0	0	0
ENSG00000259234	3	0	2	3
ENSG00000207695	0	0	0	0
ENSG00000259419	1178	1489	1509	497
ENSG00000235711	0	0	0	1
ENSG00000166557	2590	3478	5317	1549
ENSG00000287408	5	6	5	1
ENSG00000169330	26	13	19	7
ENSG00000259493	236	279	327	78
ENSG00000259208	122	141	188	56
ENSG00000260674	0	0	0	0
ENSG00000213527	0	1	1	0
ENSG00000259229	4	5	9	2
ENSG00000252995	0	0	0	0
ENSG00000259548	1	1	3	1
ENSG00000136371	73	131	139	39
ENSG00000261229	0	5	4	0
ENSG00000259332	0	0	0	0
ENSG00000279394	19	35	25	11
ENSG00000286813	6	11	12	3
ENSG00000180953	66	71	83	24
ENSG00000278600	172	157	171	65
ENSG00000259642	100	137	123	37
ENSG00000259770	242	211	214	62
ENSG00000140379	0	0	0	0
ENSG00000271364	0	0	0	0
ENSG00000279719	0	0	0	0
ENSG00000279705	0	2	3	0
ENSG00000275460	0	0	0	0
ENSG00000086666	2347	2871	2777	816
ENSG00000103876	1174	1307	844	267
ENSG00000259967	1	0	1	1
ENSG00000259417	16	7	4	2
ENSG00000259361	0	0	0	0
ENSG00000259495	2	4	1	0
ENSG00000172379	7	13	17	10
ENSG00000258010	0	0	0	0
ENSG00000287813	0	0	0	0
ENSG00000259175	6	9	2	3
ENSG00000270919	0	0	0	0
ENSG00000284059	0	0	0	0
ENSG00000222139	0	0	0	0
ENSG00000136379	522	654	595	174
ENSG00000271983	6	7	2	2
ENSG00000287108	0	0	0	0
ENSG00000103888	26	32	18	4
ENSG00000208003	0	0	0	0
ENSG00000259546	0	0	0	0
ENSG00000259649	0	0	0	0
ENSG00000117899	1371	1496	1826	548
ENSG00000260619	8	2	1	2
ENSG00000265855	1	0	0	0
ENSG00000277782	19	25	18	4
ENSG00000140406	764	626	786	269
ENSG00000156206	1	0	0	0
ENSG00000279834	0	0	0	0
ENSG00000259461	0	1	1	0
ENSG00000172349	3	4	3	0
ENSG00000271725	2	0	0	0
ENSG00000172345	72	66	60	17
ENSG00000286488	11	8	5	5
ENSG00000259343	66	49	45	10
ENSG00000188869	5	7	6	6
ENSG00000273920	2	3	2	1
ENSG00000284709	1	0	1	1
ENSG00000275995	7	0	1	1
ENSG00000259543	0	0	0	0
ENSG00000259594	0	1	1	0
ENSG00000259692	30	44	33	15
ENSG00000259622	17	38	33	11
ENSG00000183496	39	46	15	3
ENSG00000259518	1	1	2	0
ENSG00000287872	2	3	0	1
ENSG00000140598	529	662	973	289
ENSG00000212170	0	0	0	0
ENSG00000285974	0	5	5	2
ENSG00000188659	121	139	211	50
ENSG00000274376	1	1	0	0
ENSG00000278662	54	35	28	8
ENSG00000259429	88	49	27	14
ENSG00000237550	13543	22588	18522	5661
ENSG00000278202	0	0	0	0
ENSG00000197978	137	114	100	34
ENSG00000275695	0	0	0	0
ENSG00000276710	85	76	47	19
ENSG00000278603	0	0	0	0
ENSG00000255769	93	124	117	30
ENSG00000277741	0	0	1	0
ENSG00000259637	0	0	1	0
ENSG00000284803	0	0	0	0
ENSG00000182774	131	161	172	44
ENSG00000260836	0	0	0	0
ENSG00000278013	0	0	0	0
ENSG00000214575	1	9	10	3
ENSG00000259462	10	11	8	6
ENSG00000103723	8	12	14	6
ENSG00000259707	491	540	622	163
ENSG00000228141	1	2	0	0
ENSG00000259315	29	38	34	8
ENSG00000279758	12	8	12	0
ENSG00000259442	2	3	1	0
ENSG00000286817	5	1	2	0
ENSG00000250988	30	24	53	14
ENSG00000252690	8	7	9	3
ENSG00000186628	15	6	5	6
ENSG00000277864	0	0	0	0
ENSG00000156232	317	356	364	108
ENSG00000103942	608	638	1079	326
ENSG00000259805	2	3	4	2
ENSG00000169612	829	1316	1768	550
ENSG00000169609	532	592	836	251
ENSG00000260608	2	1	2	0
ENSG00000064726	1194	1840	2132	618
ENSG00000273747	3	4	1	3
ENSG00000259767	4	5	2	0
ENSG00000260351	0	0	0	0
ENSG00000259308	0	0	1	0
ENSG00000263643	1	3	0	0
ENSG00000286872	0	0	0	0
ENSG00000136404	1	1	0	0
ENSG00000166503	346	438	606	170
ENSG00000260579	0	0	0	0
ENSG00000259986	1	0	4	1
ENSG00000169594	0	0	0	0
ENSG00000140600	0	3	4	0
ENSG00000156218	19	23	10	6
ENSG00000212374	0	0	0	0
ENSG00000261665	0	0	0	0
ENSG00000200444	0	0	0	0
ENSG00000274128	0	0	1	0
ENSG00000259609	0	0	0	0
ENSG00000259404	1	1	3	1
ENSG00000280038	0	0	0	0
ENSG00000259694	0	0	0	0
ENSG00000259511	1	1	3	1
ENSG00000259726	0	1	0	0
ENSG00000225151	49	45	64	14
ENSG00000278422	0	0	0	0
ENSG00000184206	4	3	4	2
ENSG00000259633	0	0	0	0
ENSG00000259683	4	2	6	2
ENSG00000244056	2	0	0	0
ENSG00000259570	1	1	8	2
ENSG00000235370	2	1	1	1
ENSG00000272887	0	0	0	0
ENSG00000259538	0	0	0	0
ENSG00000259774	0	0	0	0
ENSG00000278785	0	0	0	0
ENSG00000197627	0	0	0	0
ENSG00000259551	0	0	0	0
ENSG00000259302	0	0	0	0
ENSG00000230373	4	10	14	2
ENSG00000259244	2	1	0	0
ENSG00000189136	13	23	12	5
ENSG00000259728	13	16	11	9
ENSG00000275120	0	1	3	2
ENSG00000176371	115	128	147	34
ENSG00000256278	3	2	0	1
ENSG00000276278	0	0	0	0
ENSG00000176700	66	94	105	34
ENSG00000254779	0	0	0	0
ENSG00000177082	141	152	136	49
ENSG00000277578	0	0	0	0
ENSG00000197696	39	61	41	26
ENSG00000140612	3137	4568	5020	1481
ENSG00000259654	7	11	7	3
ENSG00000285667	27	30	18	4
ENSG00000166716	995	750	824	272
ENSG00000259415	3	0	4	0
ENSG00000136383	38	41	29	6
ENSG00000200991	0	0	0	0
ENSG00000156222	11	21	11	2
ENSG00000286505	1	1	0	0
ENSG00000207037	1	2	1	0
ENSG00000212388	0	0	1	0
ENSG00000271044	1	3	1	0
ENSG00000073417	394	482	457	117
ENSG00000259270	0	1	0	0
ENSG00000229212	4	1	6	0
ENSG00000259449	0	5	4	2
ENSG00000259295	5	7	10	0
ENSG00000277582	0	0	0	0
ENSG00000188388	1	1	1	0
ENSG00000218052	3	2	2	1
ENSG00000259317	44	66	68	15
ENSG00000170776	638	687	746	222
ENSG00000284160	0	0	0	0
ENSG00000251891	0	0	0	0
ENSG00000259630	0	3	1	2
ENSG00000259375	0	0	0	0
ENSG00000259367	0	1	0	0
ENSG00000259276	0	0	0	0
ENSG00000202081	2	2	0	0
ENSG00000259453	0	0	0	0
ENSG00000259544	1	0	1	0
ENSG00000259407	14	17	20	9
ENSG00000259762	8	9	6	0
ENSG00000259416	13	9	9	1
ENSG00000183655	385	489	409	139
ENSG00000221634	1	3	0	1
ENSG00000259195	1	3	2	0
ENSG00000252931	0	0	0	0
ENSG00000264406	0	0	0	0
ENSG00000259608	0	0	0	0
ENSG00000260477	0	0	0	0
ENSG00000273540	0	0	0	0
ENSG00000252964	0	0	0	0
ENSG00000261077	0	0	0	0
ENSG00000200206	0	0	0	0
ENSG00000260125	0	0	0	0
ENSG00000259734	0	0	0	0
ENSG00000259636	0	0	0	0
ENSG00000259620	0	0	0	0
ENSG00000259761	0	0	0	2
ENSG00000259560	0	0	0	0
ENSG00000207150	0	0	1	0
ENSG00000259527	16	42	17	4
ENSG00000287391	5	4	5	4
ENSG00000140538	3	0	0	1
ENSG00000259183	0	0	0	0
ENSG00000260305	0	0	0	0
ENSG00000259494	139	195	196	58
ENSG00000173867	0	0	3	1
ENSG00000181991	772	1261	1259	405
ENSG00000279945	0	0	0	0
ENSG00000140543	56	52	40	23
ENSG00000259569	0	0	0	0
ENSG00000249487	0	0	0	0
ENSG00000221630	0	0	0	0
ENSG00000207703	0	0	0	0
ENSG00000283484	0	0	0	0
ENSG00000181026	316	468	505	169
ENSG00000172183	174	194	266	106
ENSG00000259676	0	0	0	0
ENSG00000157766	0	0	0	0
ENSG00000140511	6	5	2	1
ENSG00000140545	107	83	144	37
ENSG00000259350	0	0	0	0
ENSG00000259489	516	867	562	170
ENSG00000261549	227	315	369	120
ENSG00000260275	0	0	0	0
ENSG00000260123	0	0	1	1
ENSG00000261407	4	0	2	2
ENSG00000140526	1201	1143	702	235
ENSG00000239151	0	0	0	0
ENSG00000259699	8	12	8	0
ENSG00000259948	0	0	0	0
ENSG00000140522	1	0	0	0
ENSG00000140525	1842	1618	1615	514
ENSG00000140521	952	895	1026	314
ENSG00000275101	0	0	0	0
ENSG00000261441	11	10	8	5
ENSG00000279708	0	0	0	0
ENSG00000287717	0	0	0	0
ENSG00000255571	236	231	229	69
ENSG00000284329	0	0	0	0
ENSG00000140519	25	51	51	21
ENSG00000259218	1	0	2	0
ENSG00000261478	0	0	0	0
ENSG00000259713	0	4	0	0
ENSG00000140534	380	387	384	120
ENSG00000259615	2	0	0	0
ENSG00000166813	40	63	126	30
ENSG00000166819	16	6	19	3
ENSG00000166821	350	322	355	120
ENSG00000241362	18	22	29	7
ENSG00000140527	12	2	8	5
ENSG00000259561	1	0	0	0
ENSG00000206590	0	0	0	0
ENSG00000166823	23	32	21	1
ENSG00000259441	30	71	68	22
ENSG00000188095	6	3	5	1
ENSG00000166825	8	2	4	1
ENSG00000157823	512	386	442	144
ENSG00000250021	0	0	0	0
ENSG00000264966	1	2	0	1
ENSG00000259677	3	4	2	1
ENSG00000264796	0	0	0	0
ENSG00000212420	1	0	0	0
ENSG00000242498	1031	1083	1241	371
ENSG00000252645	0	0	0	0
ENSG00000259273	1	1	3	2
ENSG00000280377	10	10	13	1
ENSG00000140548	502	387	317	93
ENSG00000265871	1	1	2	0
ENSG00000273691	5	6	7	3
ENSG00000259291	395	291	255	84
ENSG00000276376	0	0	0	0
ENSG00000182054	9952	9318	7564	2265
ENSG00000259685	6	16	12	3
ENSG00000185033	1806	1252	1008	339
ENSG00000240470	0	0	0	0
ENSG00000225193	1073	2284	1773	512
ENSG00000185043	1897	1852	1813	515
ENSG00000183208	66	92	118	32
ENSG00000284626	0	0	0	0
ENSG00000213471	4	1	0	1
ENSG00000261147	2	0	0	0
ENSG00000182768	1057	1354	1491	451
ENSG00000275674	0	0	0	0
ENSG00000228998	0	0	0	0
ENSG00000270322	0	0	0	0
ENSG00000275345	0	0	0	0
ENSG00000271396	20	27	33	10
ENSG00000214433	1	0	1	2
ENSG00000275803	1	3	1	0
ENSG00000279980	53	36	57	18
ENSG00000238244	0	0	0	0
ENSG00000196391	156	134	194	50
ENSG00000259262	0	0	1	0
ENSG00000140575	3987	4075	1694	472
ENSG00000259177	0	0	4	0
ENSG00000140577	594	640	683	232
ENSG00000259212	5	1	2	0
ENSG00000259314	1	2	3	1
ENSG00000259736	11	16	17	4
ENSG00000285560	2	7	1	0
ENSG00000259746	607	1220	1524	424
ENSG00000278370	0	1	0	0
ENSG00000245479	3	3	2	1
ENSG00000197299	263	301	313	89
ENSG00000200677	1	1	0	0
ENSG00000287061	2	1	0	0
ENSG00000259704	8	3	2	1
ENSG00000241869	0	0	0	0
ENSG00000140564	623	571	1104	339
ENSG00000182511	2	1	0	0
ENSG00000196547	981	747	834	229
ENSG00000259661	0	0	0	0
ENSG00000184508	260	432	366	116
ENSG00000140553	1978	2248	2516	789
ENSG00000258384	10	3	7	5
ENSG00000166965	924	735	841	261
ENSG00000198901	157	119	125	34
ENSG00000284946	171	91	82	27
ENSG00000258725	23	35	22	4
ENSG00000200142	1	1	0	0
ENSG00000184056	65	100	105	30
ENSG00000214432	28	29	29	7
ENSG00000278514	0	2	3	2
ENSG00000258542	0	0	0	0
ENSG00000275929	2	1	3	2
ENSG00000258665	0	0	0	0
ENSG00000285661	3	6	5	2
ENSG00000185518	5	11	12	4
ENSG00000285883	0	0	0	0
ENSG00000258551	4	14	5	1
ENSG00000258954	1	0	0	0
ENSG00000258765	2	2	2	0
ENSG00000258540	0	0	0	0
ENSG00000259057	0	0	0	0
ENSG00000176463	61	203	62	20
ENSG00000260661	0	0	0	0
ENSG00000258761	0	0	0	0
ENSG00000258726	2	2	3	0
ENSG00000258925	4784	8310	9397	2767
ENSG00000140557	0	0	1	0
ENSG00000239197	0	0	0	0
ENSG00000258739	0	0	0	0
ENSG00000259170	0	0	0	0
ENSG00000183643	0	0	0	0
ENSG00000258647	4	2	0	2
ENSG00000258676	4	2	2	1
ENSG00000260337	21	9	6	0
ENSG00000271763	1	2	2	0
ENSG00000185442	1252	1125	947	266
ENSG00000259064	1	3	0	0
ENSG00000275965	1	2	0	0
ENSG00000272298	0	0	0	0
ENSG00000253954	2561	3230	4017	1130
ENSG00000258741	1349	1443	1202	430
ENSG00000240484	0	0	0	0
ENSG00000258562	0	0	0	0
ENSG00000260361	25	36	20	7
ENSG00000258527	2	5	6	1
ENSG00000258922	6	1	6	1
ENSG00000274215	0	1	2	0
ENSG00000272888	1072	1491	1709	494
ENSG00000279765	10	11	12	2
ENSG00000173575	1868	1614	1360	418
ENSG00000284324	0	0	0	0
ENSG00000182175	168	151	146	51
ENSG00000258611	30	22	20	2
ENSG00000285663	5	4	3	3
ENSG00000257060	1	7	7	1
ENSG00000258888	0	0	0	0
ENSG00000258971	0	0	0	0
ENSG00000258909	0	0	0	0
ENSG00000258787	185	214	189	73
ENSG00000258631	0	0	0	0
ENSG00000258754	12	33	82	23
ENSG00000258627	0	1	1	0
ENSG00000258476	0	1	2	1
ENSG00000259123	0	0	1	0
ENSG00000258831	0	0	4	0
ENSG00000258785	0	1	7	1
ENSG00000259724	0	1	0	2
ENSG00000258895	279	429	325	111
ENSG00000258570	0	0	0	0
ENSG00000140563	0	0	0	0
ENSG00000258632	2	6	3	1
ENSG00000287328	0	0	0	0
ENSG00000287950	0	0	0	0
ENSG00000285866	0	0	0	0
ENSG00000259331	0	0	0	0
ENSG00000286917	0	0	0	0
ENSG00000277654	1068	1557	920	339
ENSG00000270017	0	0	0	0
ENSG00000258433	1	1	0	0
ENSG00000258773	0	0	2	0
ENSG00000248441	5	4	7	1
ENSG00000273923	0	0	0	0
ENSG00000280304	0	0	0	0
ENSG00000285700	0	0	0	0
ENSG00000259134	48	44	48	12
ENSG00000258489	0	0	0	0
ENSG00000275016	1	0	2	1
ENSG00000222076	0	0	0	0
ENSG00000275443	1	1	3	0
ENSG00000259702	27	14	13	4
ENSG00000273771	0	1	1	0
ENSG00000247809	28	27	18	12
ENSG00000280048	0	0	0	0
ENSG00000277135	1	1	0	0
ENSG00000259359	1	0	0	0
ENSG00000278146	1	0	0	0
ENSG00000259763	3	2	0	0
ENSG00000280291	2	3	9	3
ENSG00000185551	2358	2385	632	170
ENSG00000283888	0	0	0	0
ENSG00000275322	8	12	8	0
ENSG00000259275	41	21	4	5
ENSG00000259614	1	2	3	0
ENSG00000259542	0	0	0	0
ENSG00000259312	0	1	0	0
ENSG00000250825	127	156	150	52
ENSG00000242295	259	521	467	178
ENSG00000259534	0	0	0	0
ENSG00000222617	0	0	0	0
ENSG00000274079	0	0	0	0
ENSG00000259340	515	476	531	158
ENSG00000214424	116	97	102	44
ENSG00000259282	0	0	0	0
ENSG00000185594	0	0	0	0
ENSG00000223120	0	0	0	0
ENSG00000259485	10	12	18	6
ENSG00000259403	0	0	0	0
ENSG00000259664	15	26	18	1
ENSG00000242863	0	0	0	0
ENSG00000251729	0	0	0	0
ENSG00000279091	0	0	1	0
ENSG00000259582	0	0	0	0
ENSG00000287267	0	0	0	0
ENSG00000287321	0	0	0	0
ENSG00000251209	101	83	100	30
ENSG00000259870	0	0	0	0
ENSG00000287000	0	0	0	0
ENSG00000140450	163	237	262	92
ENSG00000259478	0	1	1	0
ENSG00000258483	0	0	0	0
ENSG00000283372	0	0	0	0
ENSG00000259199	0	0	0	0
ENSG00000222361	0	0	0	0
ENSG00000259611	0	0	0	0
ENSG00000259320	0	0	1	0
ENSG00000259266	0	0	0	0
ENSG00000259041	0	0	0	0
ENSG00000274312	0	0	0	0
ENSG00000277987	0	1	0	0
ENSG00000283597	3	0	0	0
ENSG00000259507	0	0	0	0
ENSG00000259424	0	3	1	1
ENSG00000140443	3752	2564	2545	711
ENSG00000278022	5	7	8	5
ENSG00000264480	0	0	1	0
ENSG00000287191	0	2	3	0
ENSG00000259621	1	2	0	0
ENSG00000259475	2	4	0	0
ENSG00000183571	2	1	1	0
ENSG00000278090	31	28	37	11
ENSG00000182253	22	29	29	16
ENSG00000261054	1	0	0	0
ENSG00000103852	281	280	381	100
ENSG00000261616	20	11	7	1
ENSG00000259921	6	11	6	2
ENSG00000168904	244	256	405	130
ENSG00000259706	10631	7799	6839	2025
ENSG00000259228	62	101	86	26
ENSG00000259257	0	0	0	0
ENSG00000259590	0	0	0	0
ENSG00000259760	2	0	0	0
ENSG00000274294	0	0	0	0
ENSG00000259341	2	3	3	1
ENSG00000286893	0	0	0	0
ENSG00000279846	0	0	0	0
ENSG00000241562	0	5	0	6
ENSG00000068305	464	419	775	243
ENSG00000201724	0	0	0	0
ENSG00000183060	65	80	130	40
ENSG00000182397	0	0	0	0
ENSG00000259655	0	0	0	0
ENSG00000241588	0	0	0	0
ENSG00000259363	56	68	57	13
ENSG00000254744	0	0	0	0
ENSG00000140470	6	9	1	3
ENSG00000259219	4	2	4	2
ENSG00000252957	0	0	0	0
ENSG00000259356	2	2	1	0
ENSG00000189419	6	7	9	6
ENSG00000259430	0	0	0	0
ENSG00000154227	0	1	2	0
ENSG00000270127	17	37	22	6
ENSG00000251819	2	0	1	0
ENSG00000259205	3	3	5	1
ENSG00000259540	0	0	0	1
ENSG00000140471	280	332	358	114
ENSG00000200095	0	0	0	0
ENSG00000183475	435	439	505	148
ENSG00000212306	0	0	0	0
ENSG00000259381	15	21	22	8
ENSG00000259579	0	0	0	0
ENSG00000279588	5	10	3	3
ENSG00000259586	0	0	0	0
ENSG00000232386	23	28	21	11
ENSG00000272808	75	72	39	7
ENSG00000259604	0	0	0	0
ENSG00000272639	0	0	0	0
ENSG00000184254	134	205	103	27
ENSG00000278456	1	0	0	0
ENSG00000259583	3	13	4	2
ENSG00000154237	158	177	135	54
ENSG00000259376	3	1	3	1
ENSG00000259755	0	3	0	0
ENSG00000287892	2	1	0	0
ENSG00000259365	0	1	0	0
ENSG00000259182	2	3	1	0
ENSG00000131873	1924	1558	1815	545
ENSG00000131871	1244	1642	1491	502
ENSG00000131876	1536	1261	1447	483
ENSG00000259172	13	13	6	2
ENSG00000140479	116	175	115	35
ENSG00000279970	8	7	4	0
ENSG00000259764	3	3	2	0
ENSG00000274139	0	0	1	0
ENSG00000277210	3	3	2	1
ENSG00000282793	0	0	0	0
ENSG00000259464	0	0	0	0
ENSG00000259695	0	0	0	0
ENSG00000286733	8	16	20	9
ENSG00000184277	777	1089	1251	358
ENSG00000252614	0	0	2	0
ENSG00000185418	130	174	131	38
ENSG00000259658	0	0	0	0
ENSG00000259660	0	0	0	0
ENSG00000259236	0	0	0	0
ENSG00000240927	0	0	0	0
ENSG00000184140	0	0	0	0
ENSG00000182854	0	0	0	0
ENSG00000232459	0	0	0	0
ENSG00000214344	0	1	0	1
ENSG00000257109	1	0	2	1
ENSG00000259454	4	8	7	0
ENSG00000259646	0	0	3	0
ENSG00000177693	0	0	0	0
ENSG00000183909	0	0	0	0
ENSG00000275771	0	0	0	0
ENSG00000248893	0	0	0	0
ENSG00000259553	26	31	43	12
ENSG00000284557	0	0	0	0
ENSG00000185596	2294	2939	3199	1042
ENSG00000275449	19	18	12	4
ENSG00000248472	18	23	35	12
